#NOTE: MSDs should be divided by (temperature^2).
#NOTE: MSDs have been divided by 2.
#Time	MSD_x	MSD_y	MSD_z	MSD_all
 20 701326 389022 199292 429880
 40 2.80463e+06 1.36157e+06 460602 1.54227e+06
 60 6.30976e+06 2.97225e+06 882366 3.38812e+06
 80 1.12166e+07 5.24027e+06 1.49435e+06 5.98373e+06
 100 1.75248e+07 8.15458e+06 2.27838e+06 9.31924e+06
 120 2.5234e+07 1.17048e+07 3.21781e+06 1.33855e+07
 140 3.43441e+07 1.59008e+07 4.32881e+06 1.81912e+07
 160 4.48547e+07 2.07408e+07 5.60848e+06 2.37347e+07
 180 5.67656e+07 2.62243e+07 7.05658e+06 3.00155e+07
 200 7.00764e+07 3.23506e+07 8.67239e+06 3.70331e+07
 220 8.47871e+07 3.91194e+07 1.04548e+07 4.47871e+07
 240 1.00897e+08 4.65319e+07 1.2406e+07 5.32785e+07
 260 1.18407e+08 5.45866e+07 1.45239e+07 6.25059e+07
 280 1.37316e+08 6.32844e+07 1.681e+07 7.24702e+07
 300 1.57625e+08 7.26249e+07 1.92638e+07 8.31711e+07
 320 1.79332e+08 8.26082e+07 2.18851e+07 9.46085e+07
 340 2.02439e+08 9.32339e+07 2.46738e+07 1.06782e+08
 360 2.26945e+08 1.04503e+08 2.76303e+07 1.19693e+08
 380 2.52851e+08 1.16414e+08 3.07543e+07 1.3334e+08
 400 2.80156e+08 1.28968e+08 3.40458e+07 1.47723e+08
 400 2.80155e+08 1.28967e+08 3.40439e+07 1.47722e+08
 800 1.12022e+09 5.15056e+08 1.35051e+08 5.90108e+08
 1200 2.52011e+09 1.15821e+09 3.02941e+08 1.32709e+09
 1600 4.47973e+09 2.0583e+09 5.37572e+08 2.35853e+09
 2000 6.99895e+09 3.21521e+09 8.3879e+08 3.68432e+09
 2400 1.00777e+10 4.62885e+09 1.20648e+09 5.30435e+09
 2800 1.37159e+10 6.29913e+09 1.64051e+09 7.21852e+09
 3200 1.79135e+10 8.22597e+09 2.14079e+09 9.42676e+09
 3600 2.26704e+10 1.04093e+10 2.7072e+09 1.1929e+10
 4000 2.79866e+10 1.2849e+10 3.33964e+09 1.47251e+10
 4400 3.3862e+10 1.55451e+10 4.03804e+09 1.7815e+10
 4800 4.02965e+10 1.84975e+10 4.8023e+09 2.11987e+10
 5200 4.72901e+10 2.1706e+10 5.63236e+09 2.48761e+10
 5600 5.48427e+10 2.51707e+10 6.52814e+09 2.88472e+10
 6000 6.29543e+10 2.88915e+10 7.48955e+09 3.31118e+10
 6400 7.16248e+10 3.28683e+10 8.51655e+09 3.76699e+10
 6800 8.08542e+10 3.71011e+10 9.60906e+09 4.25215e+10
 7200 9.06426e+10 4.15899e+10 1.0767e+10 4.76665e+10
 7600 1.0099e+11 4.63345e+10 1.19904e+10 5.31049e+10
 8000 1.11896e+11 5.13349e+10 1.32791e+10 5.88366e+10
 8000 1.11892e+11 5.1334e+10 1.32779e+10 5.88345e+10
 16000 4.47319e+11 2.0502e+11 5.27072e+10 2.35015e+11
 24000 1.00614e+12 4.60822e+11 1.17978e+11 5.28313e+11
 32000 1.78827e+12 8.1859e+11 2.08896e+11 9.38587e+11
 40000 2.79368e+12 1.27827e+12 3.25364e+11 1.46577e+12
 48000 4.02228e+12 1.83978e+12 4.67323e+11 2.1098e+12
 56000 5.47411e+12 2.50315e+12 6.34732e+11 2.87066e+12
 64000 7.14917e+12 3.26829e+12 8.27558e+11 3.74834e+12
 72000 9.04748e+12 4.13521e+12 1.04572e+12 4.7428e+12
 80000 1.11691e+13 5.10388e+12 1.28918e+12 5.85404e+12
 88000 1.35139e+13 6.17426e+12 1.55792e+12 7.08202e+12
 96000 1.6082e+13 7.34636e+12 1.852e+12 8.42679e+12
 104000 1.88734e+13 8.62029e+12 2.1714e+12 9.88838e+12
 112000 2.18882e+13 9.99607e+12 2.5161e+12 1.14668e+13
 120000 2.51262e+13 1.14737e+13 2.88603e+12 1.3162e+13
 128000 2.85875e+13 1.3053e+13 3.2812e+12 1.49739e+13
 136000 3.22722e+13 1.47342e+13 3.70165e+12 1.69027e+13
 144000 3.61801e+13 1.65171e+13 4.14741e+12 1.89482e+13
 152000 4.03111e+13 1.84018e+13 4.61855e+12 2.11105e+13
 160000 4.46652e+13 2.03883e+13 5.1151e+12 2.33895e+13
 160000 4.46543e+13 2.0382e+13 5.11923e+12 2.33852e+13
 320000 1.78633e+14 8.14687e+13 2.03659e+13 9.34891e+13
 480000 4.01891e+14 1.83226e+14 4.58029e+13 2.10307e+14
 640000 7.14322e+14 3.2559e+14 8.14884e+13 3.738e+14
 800000 1.11599e+15 5.08698e+14 1.2735e+14 5.84014e+14
 960000 1.6071e+15 7.32466e+14 1.83529e+14 8.41031e+14
 1.12e+06 2.18755e+15 9.96713e+14 2.50134e+14 1.1448e+15
 1.28e+06 2.8573e+15 1.30157e+15 3.26913e+14 1.49526e+15
 1.44e+06 3.61659e+15 1.6472e+15 4.14102e+14 1.89263e+15
 1.6e+06 4.46517e+15 2.03334e+15 5.11816e+14 2.33678e+15
 1.76e+06 5.40307e+15 2.46009e+15 6.20058e+14 2.82774e+15
 1.92e+06 6.43045e+15 2.9282e+15 7.38702e+14 3.36579e+15
 2.08e+06 7.54733e+15 3.4373e+15 8.68068e+14 3.9509e+15
 2.24e+06 8.75347e+15 3.98771e+15 1.00779e+15 4.58299e+15
 2.4e+06 1.00478e+16 4.57832e+15 1.15786e+15 5.26133e+15
 2.56e+06 1.14317e+16 5.20948e+15 1.31796e+15 5.98639e+15
 2.72e+06 1.29052e+16 5.88147e+15 1.48848e+15 6.75838e+15
 2.88e+06 1.44678e+16 6.59387e+15 1.66896e+15 7.57686e+15
 3.04e+06 1.612e+16 7.34702e+15 1.85977e+15 8.44226e+15
 3.2e+06 1.7861e+16 8.14177e+15 2.06069e+15 9.35448e+15
 3.2e+06 1.78832e+16 8.1701e+15 2.08262e+15 9.37864e+15
 6.4e+06 7.14114e+16 3.26059e+16 8.24488e+15 3.74207e+16
 9.6e+06 1.60331e+17 7.3518e+16 1.83933e+16 8.40807e+16
 1.28e+07 2.85641e+17 1.30423e+17 3.29646e+16 1.49676e+17
 1.6e+07 4.47064e+17 2.0424e+17 5.20227e+16 2.34442e+17
