#NOTE: MSDs should be divided by the temperature.
#NOTE: MSDs have been divided by 2 or 10 (i.e., the viscosity computed from all components).
#Time	MSD_xx	MSD_yy	MSD_zz	MSD_xy	MSD_xz	MSD_yz	MSD_off	MSD_all	MSD_bulkvisc
 20 8.16188e+09 8.1815e+09 8.15312e+09 8.16158e+09 8.20359e+09 8.19618e+09 8.18711e+09 8.17847e+09 1.02871e+10
 40 2.57644e+10 2.58257e+10 2.57335e+10 2.57654e+10 2.59123e+10 2.58865e+10 2.58547e+10 2.58227e+10 3.64368e+10
 60 4.71303e+10 4.72486e+10 4.70897e+10 4.7152e+10 4.74674e+10 4.73923e+10 4.73372e+10 4.72648e+10 7.29721e+10
 80 7.07433e+10 7.09274e+10 7.06908e+10 7.08009e+10 7.13655e+10 7.1178e+10 7.11148e+10 7.09838e+10 1.17392e+11
 100 9.52215e+10 9.54664e+10 9.51296e+10 9.53104e+10 9.62025e+10 9.58407e+10 9.57845e+10 9.55797e+10 1.69113e+11
 120 1.20284e+11 1.20584e+11 1.20125e+11 1.2042e+11 1.21709e+11 1.21125e+11 1.21085e+11 1.20783e+11 2.27374e+11
 140 1.47277e+11 1.47635e+11 1.47038e+11 1.47478e+11 1.49244e+11 1.48403e+11 1.48375e+11 1.47952e+11 2.90525e+11
 160 1.76881e+11 1.77321e+11 1.76564e+11 1.7717e+11 1.79474e+11 1.7836e+11 1.78334e+11 1.77769e+11 3.57169e+11
 180 2.08878e+11 2.09425e+11 2.08488e+11 2.09279e+11 2.12142e+11 2.10761e+11 2.10727e+11 2.10009e+11 4.27098e+11
 200 2.43095e+11 2.43745e+11 2.42626e+11 2.43625e+11 2.47056e+11 2.45413e+11 2.45364e+11 2.44481e+11 5.00702e+11
 220 2.79417e+11 2.80141e+11 2.78851e+11 2.80079e+11 2.84081e+11 2.82182e+11 2.82114e+11 2.81056e+11 5.77825e+11
 240 3.17622e+11 3.184e+11 3.16939e+11 3.18443e+11 3.23003e+11 3.20854e+11 3.20766e+11 3.19521e+11 6.57705e+11
 260 3.57571e+11 3.58377e+11 3.56754e+11 3.58592e+11 3.63684e+11 3.61293e+11 3.6119e+11 3.59741e+11 7.39871e+11
 280 3.99153e+11 3.99976e+11 3.9822e+11 4.00436e+11 4.0603e+11 4.03402e+11 4.03289e+11 4.0162e+11 8.2453e+11
 300 4.42245e+11 4.43092e+11 4.4125e+11 4.43865e+11 4.49949e+11 4.47084e+11 4.46966e+11 4.45058e+11 9.12048e+11
 320 4.86791e+11 4.87676e+11 4.85789e+11 4.88809e+11 4.95395e+11 4.92296e+11 4.92167e+11 4.90001e+11 1.00236e+12
 340 5.32802e+11 5.33721e+11 5.31847e+11 5.35243e+11 5.42373e+11 5.39038e+11 5.38885e+11 5.36447e+11 1.09512e+12
 360 5.80312e+11 5.8125e+11 5.79455e+11 5.83205e+11 5.90905e+11 5.87331e+11 5.87147e+11 5.84424e+11 1.19021e+12
 380 6.2934e+11 6.30245e+11 6.28599e+11 6.32728e+11 6.40986e+11 6.37193e+11 6.36969e+11 6.33939e+11 1.28786e+12
 400 6.79841e+11 6.8068e+11 6.79255e+11 6.83789e+11 6.92576e+11 6.88582e+11 6.88316e+11 6.84959e+11 1.38831e+12
 400 6.7809e+11 6.79177e+11 6.77762e+11 6.83443e+11 6.93926e+11 6.8794e+11 6.88436e+11 6.84399e+11 1.38522e+12
 800 1.94734e+12 1.94647e+12 1.95278e+12 1.9659e+12 1.99283e+12 1.97806e+12 1.97893e+12 1.9669e+12 3.9228e+12
 1200 3.59284e+12 3.59175e+12 3.6117e+12 3.63173e+12 3.68014e+12 3.64657e+12 3.65281e+12 3.63119e+12 7.26148e+12
 1600 5.51111e+12 5.51476e+12 5.55219e+12 5.57185e+12 5.63859e+12 5.57755e+12 5.59599e+12 5.568e+12 1.11749e+13
 2000 7.63414e+12 7.64506e+12 7.69954e+12 7.72194e+12 7.80239e+12 7.69508e+12 7.7398e+12 7.70771e+12 1.5531e+13
 2400 9.91213e+12 9.93482e+12 1.00048e+13 1.00384e+13 1.01309e+13 9.95993e+12 1.00431e+13 1.00061e+13 2.02535e+13
 2800 1.23051e+13 1.23563e+13 1.24349e+13 1.24925e+13 1.25975e+13 1.23371e+13 1.24757e+13 1.24316e+13 2.52563e+13
 3200 1.47936e+13 1.48816e+13 1.49718e+13 1.50614e+13 1.51816e+13 1.48023e+13 1.50151e+13 1.4962e+13 3.05009e+13
 3600 1.73606e+13 1.7491e+13 1.76007e+13 1.77227e+13 1.78774e+13 1.73404e+13 1.76469e+13 1.75818e+13 3.59574e+13
 4000 1.99878e+13 2.01647e+13 2.02984e+13 2.04589e+13 2.06677e+13 1.99425e+13 2.03564e+13 2.02739e+13 4.15926e+13
 4400 2.26577e+13 2.28931e+13 2.30594e+13 2.3258e+13 2.35406e+13 2.25872e+13 2.31286e+13 2.30252e+13 4.739e+13
 4800 2.53718e+13 2.56705e+13 2.58761e+13 2.61022e+13 2.6483e+13 2.52648e+13 2.595e+13 2.58258e+13 5.33225e+13
 5200 2.81235e+13 2.84877e+13 2.87432e+13 2.89881e+13 2.94905e+13 2.798e+13 2.88195e+13 2.86723e+13 5.93519e+13
 5600 3.09047e+13 3.13406e+13 3.16586e+13 3.1919e+13 3.25585e+13 3.07286e+13 3.17353e+13 3.15617e+13 6.54786e+13
 6000 3.37162e+13 3.42196e+13 3.46176e+13 3.48912e+13 3.56865e+13 3.35153e+13 3.46977e+13 3.44924e+13 7.16906e+13
 6400 3.65585e+13 3.71271e+13 3.76237e+13 3.79058e+13 3.88673e+13 3.63369e+13 3.77033e+13 3.74632e+13 7.79865e+13
 6800 3.94305e+13 4.00562e+13 4.06686e+13 4.09603e+13 4.20802e+13 3.9188e+13 4.07428e+13 4.04664e+13 8.43716e+13
 7200 4.23249e+13 4.30088e+13 4.37402e+13 4.40488e+13 4.53274e+13 4.20577e+13 4.38113e+13 4.34966e+13 9.08115e+13
 7600 4.52527e+13 4.59861e+13 4.68343e+13 4.71633e+13 4.86079e+13 4.49483e+13 4.69065e+13 4.65536e+13 9.73096e+13
 8000 4.82089e+13 4.89771e+13 4.99432e+13 5.0303e+13 5.19214e+13 4.78548e+13 5.00264e+13 4.96331e+13 1.03868e+14
 8000 4.89857e+13 4.90883e+13 4.92796e+13 5.05154e+13 5.24797e+13 4.75383e+13 5.01778e+13 4.97538e+13 1.06293e+14
 16000 1.10297e+14 1.09073e+14 1.15614e+14 1.16488e+14 1.24072e+14 1.0929e+14 1.16617e+14 1.14635e+14 2.46068e+14
 24000 1.74689e+14 1.71418e+14 1.89193e+14 1.86608e+14 2.02016e+14 1.74291e+14 1.87638e+14 1.83956e+14 3.97261e+14
 32000 2.42316e+14 2.34654e+14 2.66142e+14 2.57027e+14 2.86166e+14 2.45296e+14 2.6283e+14 2.5678e+14 5.59536e+14
 40000 3.09717e+14 2.98777e+14 3.46984e+14 3.24513e+14 3.71988e+14 3.1629e+14 3.37597e+14 3.29955e+14 7.36912e+14
 48000 3.82217e+14 3.66788e+14 4.30964e+14 3.88062e+14 4.60312e+14 3.86023e+14 4.11465e+14 4.04208e+14 9.17689e+14
 56000 4.55234e+14 4.37316e+14 5.14617e+14 4.45477e+14 5.53082e+14 4.55654e+14 4.84738e+14 4.78465e+14 1.10112e+15
 64000 5.27137e+14 5.08948e+14 5.99554e+14 5.01701e+14 6.5254e+14 5.2907e+14 5.61104e+14 5.54747e+14 1.28693e+15
 72000 5.99992e+14 5.79278e+14 6.85411e+14 5.55712e+14 7.54446e+14 6.04172e+14 6.3811e+14 6.3149e+14 1.47818e+15
 80000 6.75227e+14 6.52284e+14 7.77639e+14 6.06792e+14 8.59346e+14 6.79444e+14 7.15194e+14 7.09803e+14 1.67399e+15
 88000 7.54242e+14 7.28291e+14 8.74962e+14 6.5918e+14 9.62493e+14 7.51488e+14 7.91054e+14 7.88965e+14 1.8786e+15
 96000 8.31605e+14 8.05305e+14 9.77175e+14 7.12917e+14 1.06794e+15 8.27855e+14 8.69569e+14 8.70286e+14 2.08641e+15
 104000 9.11804e+14 8.82432e+14 1.08285e+15 7.69447e+14 1.17359e+15 9.06379e+14 9.49805e+14 9.53494e+14 2.30205e+15
 112000 9.95287e+14 9.60472e+14 1.19234e+15 8.28224e+14 1.27864e+15 9.86935e+14 1.03127e+15 1.03851e+15 2.52377e+15
 120000 1.07894e+15 1.0405e+15 1.30092e+15 8.90481e+14 1.38397e+15 1.07173e+15 1.11539e+15 1.12528e+15 2.75471e+15
 128000 1.16315e+15 1.12112e+15 1.41066e+15 9.50236e+14 1.48869e+15 1.15699e+15 1.19864e+15 1.21184e+15 2.99429e+15
 136000 1.24743e+15 1.20428e+15 1.52169e+15 1.01309e+15 1.59795e+15 1.243e+15 1.28468e+15 1.3006e+15 3.2438e+15
 144000 1.33281e+15 1.29031e+15 1.63508e+15 1.07821e+15 1.70687e+15 1.32706e+15 1.37071e+15 1.39019e+15 3.49271e+15
 152000 1.41823e+15 1.37477e+15 1.75148e+15 1.14296e+15 1.81581e+15 1.40907e+15 1.45595e+15 1.4795e+15 3.74275e+15
 160000 1.50098e+15 1.45989e+15 1.86684e+15 1.21291e+15 1.92526e+15 1.49264e+15 1.5436e+15 1.56986e+15 3.99369e+15
 160000 1.62668e+15 1.68462e+15 1.89099e+15 1.13848e+15 1.95684e+15 1.50236e+15 1.53256e+15 1.61318e+15 3.92395e+15
 320000 3.49701e+15 3.48376e+15 4.52253e+15 2.44183e+15 3.77142e+15 3.06102e+15 3.09142e+15 3.38863e+15 8.56415e+15
 480000 5.48924e+15 5.14712e+15 7.53301e+15 3.62003e+15 5.58393e+15 4.75966e+15 4.65454e+15 5.21531e+15 1.3136e+16
 640000 7.86693e+15 6.43916e+15 1.01648e+16 4.93109e+15 7.25634e+15 6.69013e+15 6.29252e+15 7.0383e+15 1.7601e+16
 800000 1.02049e+16 8.07399e+15 1.31043e+16 6.35198e+15 8.3136e+15 8.55756e+15 7.74105e+15 8.82904e+15 2.07659e+16
 960000 1.27983e+16 1.00534e+16 1.67438e+16 8.0771e+15 8.71204e+15 1.09508e+16 9.24666e+15 1.08274e+16 2.32122e+16
 1.12e+06 1.53394e+16 1.22243e+16 2.0528e+16 9.84745e+15 9.04271e+15 1.31757e+16 1.06886e+16 1.28254e+16 2.64374e+16
 1.28e+06 1.83187e+16 1.4344e+16 2.46701e+16 1.16099e+16 9.09868e+15 1.4992e+16 1.19002e+16 1.47845e+16 2.91922e+16
 1.44e+06 2.16445e+16 1.65935e+16 2.94125e+16 1.32976e+16 8.87291e+15 1.63407e+16 1.28371e+16 1.67223e+16 3.26098e+16
 1.6e+06 2.51419e+16 1.88438e+16 3.45843e+16 1.50421e+16 9.095e+15 1.78295e+16 1.39889e+16 1.88693e+16 3.74434e+16
 1.76e+06 2.83724e+16 2.04706e+16 3.97623e+16 1.6742e+16 9.5014e+15 1.91307e+16 1.51247e+16 2.08889e+16 4.11971e+16
 1.92e+06 3.164e+16 2.21891e+16 4.50504e+16 1.83285e+16 9.97394e+15 1.96623e+16 1.59882e+16 2.27769e+16 4.48141e+16
 2.08e+06 3.45674e+16 2.44724e+16 5.03177e+16 2.01161e+16 1.17231e+16 1.92787e+16 1.70393e+16 2.48046e+16 4.7474e+16
 2.24e+06 3.72809e+16 2.67236e+16 5.52339e+16 2.19163e+16 1.29206e+16 1.93059e+16 1.80476e+16 2.6727e+16 4.85821e+16
 2.4e+06 3.97782e+16 2.8465e+16 5.95524e+16 2.41711e+16 1.41733e+16 1.90405e+16 1.91283e+16 2.85164e+16 4.95718e+16
 2.56e+06 4.23206e+16 2.99452e+16 6.25326e+16 2.63503e+16 1.53765e+16 1.90195e+16 2.02488e+16 3.01224e+16 4.9807e+16
 2.72e+06 4.48715e+16 3.11517e+16 6.56855e+16 2.85513e+16 1.63607e+16 1.89806e+16 2.12975e+16 3.1673e+16 5.0188e+16
 2.88e+06 4.68423e+16 3.24114e+16 6.85149e+16 3.07568e+16 1.70063e+16 1.86648e+16 2.21426e+16 3.29881e+16 5.1302e+16
 3.04e+06 4.92063e+16 3.39075e+16 7.13034e+16 3.26468e+16 1.77054e+16 1.90254e+16 2.31259e+16 3.44645e+16 5.24297e+16
 3.2e+06 5.10585e+16 3.54395e+16 7.37488e+16 3.46095e+16 1.88428e+16 1.91641e+16 2.42055e+16 3.58895e+16 5.19788e+16
 3.2e+06 4.06671e+16 3.19621e+16 5.91994e+16 4.15724e+16 2.76843e+16 7.15756e+15 2.54714e+16 3.286e+16 5.5465e+16
 6.4e+06 7.63367e+16 5.60076e+16 5.72347e+16 1.20285e+17 4.53625e+16 1.57123e+16 6.04533e+16 6.15492e+16 4.6097e+16
 9.6e+06 8.4103e+16 1.27411e+17 5.36708e+16 1.10644e+17 4.37496e+16 8.81877e+15 5.4404e+16 6.80004e+16 4.506e+16
 1.28e+07 6.96755e+16 1.98569e+17 9.62185e+16 5.9294e+16 1.97532e+16 5.59434e+15 2.82138e+16 6.55233e+16 5.87344e+16
 1.6e+07 7.09655e+15 1.10716e+17 6.17521e+16 7.61299e+16 7.08677e+15 1.21138e+16 3.17768e+16 4.30081e+16 7.00521e+14
