#NOTE: MSDs should be divided by (temperature^2).
#NOTE: MSDs have been divided by 2.
#Time	MSD_x	MSD_y	MSD_z	MSD_all
 20 714240 391048 198470 434586
 40 2.85628e+06 1.36937e+06 455331 1.56033e+06
 60 6.42597e+06 2.98898e+06 868963 3.42797e+06
 80 1.14232e+07 5.27035e+06 1.47065e+06 6.05472e+06
 100 1.78476e+07 8.2013e+06 2.24176e+06 9.4302e+06
 120 2.56988e+07 1.17718e+07 3.16357e+06 1.35447e+07
 140 3.49766e+07 1.59916e+07 4.25471e+06 1.84076e+07
 160 4.56808e+07 2.08592e+07 5.51197e+06 2.40173e+07
 180 5.78111e+07 2.63737e+07 6.93412e+06 3.0373e+07
 200 7.13671e+07 3.25348e+07 8.52038e+06 3.74741e+07
 220 8.63487e+07 3.93421e+07 1.02711e+07 4.53206e+07
 240 1.02756e+08 4.67965e+07 1.21872e+07 5.39131e+07
 260 1.20588e+08 5.48969e+07 1.42671e+07 6.32506e+07
 280 1.39845e+08 6.36439e+07 1.65116e+07 7.33335e+07
 300 1.60527e+08 7.30369e+07 1.89208e+07 8.41617e+07
 320 1.82635e+08 8.30765e+07 2.14949e+07 9.57353e+07
 340 2.06167e+08 9.37623e+07 2.42335e+07 1.08054e+08
 360 2.31124e+08 1.05095e+08 2.71362e+07 1.21118e+08
 380 2.57506e+08 1.17073e+08 3.02035e+07 1.34928e+08
 400 2.85314e+08 1.29698e+08 3.34352e+07 1.49482e+08
 400 2.85314e+08 1.29696e+08 3.34324e+07 1.49481e+08
 800 1.14083e+09 5.1796e+08 1.32601e+08 5.97132e+08
 1200 2.56647e+09 1.16472e+09 2.97447e+08 1.34288e+09
 1600 4.56208e+09 2.06986e+09 5.27817e+08 2.38658e+09
 2000 7.12755e+09 3.23326e+09 8.23588e+08 3.72813e+09
 2400 1.02628e+10 4.65483e+09 1.18462e+09 5.36741e+09
 2800 1.39677e+10 6.33447e+09 1.61081e+09 7.30432e+09
 3200 1.82422e+10 8.27212e+09 2.10203e+09 9.53878e+09
 3600 2.30862e+10 1.04677e+10 2.65816e+09 1.20707e+10
 4000 2.84996e+10 1.29211e+10 3.27912e+09 1.48999e+10
 4400 3.44824e+10 1.56322e+10 3.96481e+09 1.80265e+10
 4800 4.10345e+10 1.86011e+10 4.71516e+09 2.14503e+10
 5200 4.81558e+10 2.18276e+10 5.53008e+09 2.51712e+10
 5600 5.58463e+10 2.53117e+10 6.40949e+09 2.91891e+10
 6000 6.41058e+10 2.90532e+10 7.35332e+09 3.35041e+10
 6400 7.29345e+10 3.30521e+10 8.36149e+09 3.8116e+10
 6800 8.23321e+10 3.73085e+10 9.43397e+09 4.30248e+10
 7200 9.22987e+10 4.18222e+10 1.05707e+10 4.82305e+10
 7600 1.02834e+11 4.65932e+10 1.17716e+10 5.3733e+10
 8000 1.13939e+11 5.16214e+10 1.30367e+10 5.95323e+10
 8000 1.13947e+11 5.16212e+10 1.30351e+10 5.95345e+10
 16000 4.55467e+11 2.06163e+11 5.17313e+10 2.37787e+11
 24000 1.02441e+12 4.63416e+11 1.15812e+11 5.34546e+11
 32000 1.82075e+12 8.23269e+11 2.0514e+11 9.49719e+11
 40000 2.84443e+12 1.28561e+12 3.19633e+11 1.48323e+12
 48000 4.09541e+12 1.85041e+12 4.59163e+11 2.135e+12
 56000 5.57374e+12 2.51765e+12 6.23652e+11 2.90501e+12
 64000 7.2793e+12 3.28721e+12 8.13064e+11 3.79319e+12
 72000 9.212e+12 4.15907e+12 1.02733e+12 4.79947e+12
 80000 1.13718e+13 5.13323e+12 1.26643e+12 5.92381e+12
 88000 1.37585e+13 6.20957e+12 1.53025e+12 7.16611e+12
 96000 1.63722e+13 7.38807e+12 1.81868e+12 8.52631e+12
 104000 1.92129e+13 8.66881e+12 2.13176e+12 1.00045e+13
 112000 2.22806e+13 1.00518e+13 2.46934e+12 1.16006e+13
 120000 2.55755e+13 1.15372e+13 2.8316e+12 1.33148e+13
 128000 2.90977e+13 1.3125e+13 3.21851e+12 1.51471e+13
 136000 3.28472e+13 1.48152e+13 3.62994e+12 1.70975e+13
 144000 3.68238e+13 1.66077e+13 4.06574e+12 1.91658e+13
 152000 4.10267e+13 1.85024e+13 4.52585e+12 2.13517e+13
 160000 4.54565e+13 2.04994e+13 5.0106e+12 2.36555e+13
 160000 4.5491e+13 2.05147e+13 5.01664e+12 2.36741e+13
 320000 1.81804e+14 8.1943e+13 1.98811e+13 9.45427e+13
 480000 4.08922e+14 1.84483e+14 4.45302e+13 2.12645e+14
 640000 7.26819e+14 3.28241e+14 7.89194e+13 3.77993e+14
 800000 1.13509e+15 5.1261e+14 1.23161e+14 5.90288e+14
 960000 1.63405e+15 7.37858e+14 1.76898e+14 8.49602e+14
 1.12e+06 2.22383e+15 1.00442e+15 2.40501e+14 1.15625e+15
 1.28e+06 2.90394e+15 1.31173e+15 3.13347e+14 1.50967e+15
 1.44e+06 3.67469e+15 1.65944e+15 3.95951e+14 1.91003e+15
 1.6e+06 4.53656e+15 2.04895e+15 4.88505e+14 2.358e+15
 1.76e+06 5.48857e+15 2.47831e+15 5.91347e+14 2.85274e+15
 1.92e+06 6.53208e+15 2.94785e+15 7.04313e+14 3.39475e+15
 2.08e+06 7.66784e+15 3.45844e+15 8.2767e+14 3.98465e+15
 2.24e+06 8.89377e+15 4.00935e+15 9.59928e+14 4.62102e+15
 2.4e+06 1.02115e+16 4.60188e+15 1.10149e+15 5.30497e+15
 2.56e+06 1.16208e+16 5.23526e+15 1.25205e+15 6.03604e+15
 2.72e+06 1.31216e+16 5.91077e+15 1.41167e+15 6.81468e+15
 2.88e+06 1.47145e+16 6.62766e+15 1.57989e+15 7.64068e+15
 3.04e+06 1.63998e+16 7.38547e+15 1.75869e+15 8.51465e+15
 3.2e+06 1.8176e+16 8.18219e+15 1.94668e+15 9.43495e+15
 3.2e+06 1.81868e+16 8.20584e+15 1.98054e+15 9.45771e+15
 6.4e+06 7.29036e+16 3.26625e+16 7.80602e+15 3.77907e+16
 9.6e+06 1.6367e+17 7.38454e+16 1.78037e+16 8.51064e+16
