#NOTE: MSDs should be divided by (temperature^2).
#NOTE: MSDs have been divided by 2.
#Time	MSD_x	MSD_y	MSD_z	MSD_all
 20 712324 381776 201647 431916
 40 2.84862e+06 1.33243e+06 466617 1.54922e+06
 60 6.40873e+06 2.90722e+06 894751 3.40357e+06
 80 1.13925e+07 5.12469e+06 1.51626e+06 6.01115e+06
 100 1.77996e+07 7.97392e+06 2.31234e+06 9.36197e+06
 120 2.56298e+07 1.14447e+07 3.26593e+06 1.34468e+07
 140 3.48827e+07 1.55466e+07 4.39392e+06 1.82744e+07
 160 4.55582e+07 2.02783e+07 5.69328e+06 2.38432e+07
 180 5.76558e+07 2.56387e+07 7.16381e+06 3.01528e+07
 200 7.11754e+07 3.16275e+07 8.8042e+06 3.72023e+07
 220 8.61167e+07 3.82447e+07 1.06141e+07 4.49918e+07
 240 1.0248e+08 4.54908e+07 1.25957e+07 5.3522e+07
 260 1.20264e+08 5.33645e+07 1.47462e+07 6.27915e+07
 280 1.39469e+08 6.18672e+07 1.70676e+07 7.28014e+07
 300 1.60096e+08 7.09976e+07 1.95589e+07 8.35508e+07
 320 1.82144e+08 8.07565e+07 2.22206e+07 9.50403e+07
 340 2.05613e+08 9.11436e+07 2.50521e+07 1.07269e+08
 360 2.30503e+08 1.02159e+08 2.80539e+07 1.20238e+08
 380 2.56814e+08 1.13802e+08 3.12256e+07 1.33947e+08
 400 2.84547e+08 1.26074e+08 3.45674e+07 1.48396e+08
 400 2.84547e+08 1.26072e+08 3.45682e+07 1.48396e+08
 800 1.13776e+09 5.03475e+08 1.3712e+08 5.92786e+08
 1200 2.55958e+09 1.13215e+09 3.07591e+08 1.33311e+09
 1600 4.54985e+09 2.01196e+09 5.45816e+08 2.36921e+09
 2000 7.10848e+09 3.1428e+09 8.51663e+08 3.70098e+09
 2400 1.02354e+10 4.52458e+09 1.225e+09 5.32831e+09
 2800 1.39305e+10 6.15718e+09 1.6657e+09 7.25111e+09
 3200 1.81936e+10 8.04052e+09 2.17367e+09 9.46928e+09
 3600 2.30249e+10 1.01745e+10 2.74881e+09 1.19827e+10
 4000 2.84241e+10 1.25591e+10 3.39102e+09 1.47914e+10
 4400 3.43912e+10 1.51941e+10 4.10021e+09 1.78952e+10
 4800 4.09262e+10 1.80796e+10 4.87628e+09 2.1294e+10
 5200 4.8029e+10 2.12155e+10 5.71916e+09 2.49879e+10
 5600 5.56996e+10 2.46017e+10 6.62877e+09 2.89767e+10
 6000 6.39379e+10 2.82381e+10 7.60502e+09 3.32603e+10
 6400 7.27439e+10 3.21247e+10 8.64785e+09 3.78388e+10
 6800 8.21175e+10 3.62614e+10 9.75717e+09 4.2712e+10
 7200 9.20587e+10 4.06482e+10 1.09329e+10 4.78799e+10
 7600 1.02568e+11 4.5285e+10 1.21751e+10 5.33425e+10
 8000 1.13644e+11 5.01717e+10 1.34836e+10 5.90997e+10
 8000 1.13643e+11 5.01745e+10 1.34817e+10 5.90998e+10
 16000 4.54309e+11 2.00358e+11 5.35126e+10 2.3606e+11
 24000 1.02186e+12 4.50312e+11 1.19761e+11 5.30643e+11
 32000 1.81621e+12 7.99918e+11 2.1208e+11 9.42737e+11
 40000 2.83733e+12 1.2491e+12 3.30379e+11 1.47227e+12
 48000 4.08516e+12 1.79779e+12 4.74596e+11 2.11918e+12
 56000 5.5597e+12 2.44595e+12 6.44692e+11 2.88345e+12
 64000 7.26097e+12 3.19358e+12 8.40634e+11 3.76506e+12
 72000 9.18889e+12 4.04063e+12 1.06232e+12 4.76395e+12
 80000 1.13436e+13 4.98714e+12 1.30977e+12 5.88017e+12
 88000 1.37251e+13 6.03304e+12 1.58302e+12 7.11371e+12
 96000 1.63334e+13 7.17843e+12 1.88203e+12 8.46461e+12
 104000 1.91685e+13 8.42327e+12 2.20679e+12 9.93284e+12
 112000 2.22304e+13 9.76747e+12 2.55729e+12 1.15184e+13
 120000 2.55189e+13 1.12109e+13 2.93348e+12 1.32211e+13
 128000 2.9034e+13 1.27536e+13 3.3354e+12 1.5041e+13
 136000 3.2776e+13 1.43956e+13 3.76304e+12 1.69782e+13
 144000 3.67449e+13 1.61369e+13 4.21637e+12 1.90327e+13
 152000 4.09407e+13 1.79776e+13 4.69528e+12 2.12045e+13
 160000 4.53632e+13 1.99177e+13 5.19987e+12 2.34936e+13
 160000 4.53494e+13 1.99239e+13 5.1934e+12 2.34889e+13
 320000 1.81413e+14 7.96255e+13 2.06642e+13 9.39009e+13
 480000 4.08192e+14 1.79037e+14 4.65104e+13 2.11246e+14
 640000 7.25997e+14 3.18475e+14 8.27688e+13 3.75747e+14
 800000 1.13457e+15 4.97875e+14 1.29343e+14 5.87261e+14
 960000 1.63423e+15 7.17088e+14 1.86243e+14 8.45855e+14
 1.12e+06 2.22511e+15 9.76035e+14 2.5363e+14 1.15159e+15
 1.28e+06 2.907e+15 1.2747e+15 3.3124e+14 1.50431e+15
 1.44e+06 3.67964e+15 1.61339e+15 4.19295e+14 1.90411e+15
 1.6e+06 4.54267e+15 1.99152e+15 5.17534e+14 2.35058e+15
 1.76e+06 5.49652e+15 2.40927e+15 6.26634e+14 2.84414e+15
 1.92e+06 6.54174e+15 2.86708e+15 7.46175e+14 3.385e+15
 2.08e+06 7.67762e+15 3.36566e+15 8.76142e+14 3.97314e+15
 2.24e+06 8.90427e+15 3.90429e+15 1.01648e+15 4.60834e+15
 2.4e+06 1.02225e+16 4.48272e+15 1.16745e+15 5.29088e+15
 2.56e+06 1.1632e+16 5.10155e+15 1.32895e+15 6.02085e+15
 2.72e+06 1.31336e+16 5.76023e+15 1.50084e+15 6.79823e+15
 2.88e+06 1.47271e+16 6.45822e+15 1.68322e+15 7.62286e+15
 3.04e+06 1.64125e+16 7.19516e+15 1.87553e+15 8.49439e+15
 3.2e+06 1.81883e+16 7.96998e+15 2.07858e+15 9.41229e+15
 3.2e+06 1.81673e+16 7.97178e+15 2.07208e+15 9.40372e+15
 6.4e+06 7.27665e+16 3.17799e+16 8.34044e+15 3.76289e+16
 9.6e+06 1.63722e+17 7.15015e+16 1.87659e+16 8.46631e+16
 1.28e+07 2.90668e+17 1.27523e+17 3.31432e+16 1.50445e+17
