#NOTE: MSDs should be divided by (temperature^2).
#NOTE: MSDs have been divided by 2.
#Time	MSD_x	MSD_y	MSD_z	MSD_all
 20 712407 381155 201343 431635
 40 2.84895e+06 1.32901e+06 466079 1.54801e+06
 60 6.40948e+06 2.8991e+06 893549 3.40071e+06
 80 1.13938e+07 5.11024e+06 1.51405e+06 6.00604e+06
 100 1.78017e+07 7.95127e+06 2.30891e+06 9.35397e+06
 120 2.56328e+07 1.1412e+07 3.2607e+06 1.34352e+07
 140 3.48868e+07 1.5502e+07 4.38685e+06 1.82586e+07
 160 4.55635e+07 2.022e+07 5.68426e+06 2.38226e+07
 180 5.76626e+07 2.55651e+07 7.15229e+06 3.01267e+07
 200 7.11838e+07 3.15365e+07 8.78994e+06 3.71701e+07
 220 8.6127e+07 3.81346e+07 1.0597e+07 4.49529e+07
 240 1.02492e+08 4.53599e+07 1.25751e+07 5.34756e+07
 260 1.20278e+08 5.3211e+07 1.47222e+07 6.27371e+07
 280 1.39486e+08 6.1689e+07 1.70397e+07 7.27383e+07
 300 1.60115e+08 7.07932e+07 1.95268e+07 8.34784e+07
 320 1.82166e+08 8.0524e+07 2.2184e+07 9.49579e+07
 340 2.05638e+08 9.0881e+07 2.50109e+07 1.07177e+08
 360 2.30531e+08 1.01864e+08 2.80076e+07 1.20134e+08
 380 2.56845e+08 1.13474e+08 3.11739e+07 1.33831e+08
 400 2.84581e+08 1.2571e+08 3.45102e+07 1.48267e+08
 400 2.84582e+08 1.2571e+08 3.45135e+07 1.48268e+08
 800 1.1379e+09 5.02023e+08 1.36894e+08 5.92273e+08
 1200 2.55989e+09 1.12888e+09 3.0708e+08 1.33195e+09
 1600 4.5504e+09 2.00615e+09 5.44902e+08 2.36715e+09
 2000 7.10932e+09 3.13372e+09 8.50234e+08 3.69776e+09
 2400 1.02366e+10 4.51149e+09 1.22293e+09 5.32367e+09
 2800 1.39321e+10 6.13936e+09 1.66289e+09 7.24478e+09
 3200 1.81957e+10 8.01724e+09 2.17e+09 9.46099e+09
 3600 2.30275e+10 1.0145e+10 2.74415e+09 1.19722e+10
 4000 2.84272e+10 1.25227e+10 3.38524e+09 1.47784e+10
 4400 3.4395e+10 1.51501e+10 4.09319e+09 1.78794e+10
 4800 4.09306e+10 1.80272e+10 4.86793e+09 2.12752e+10
 5200 4.80341e+10 2.1154e+10 5.70937e+09 2.49658e+10
 5600 5.57054e+10 2.45303e+10 6.61742e+09 2.89511e+10
 6000 6.39445e+10 2.81562e+10 7.59203e+09 3.32309e+10
 6400 7.27513e+10 3.20316e+10 8.63313e+09 3.78053e+10
 6800 8.21258e+10 3.61563e+10 9.74065e+09 4.26743e+10
 7200 9.2068e+10 4.05305e+10 1.09145e+10 4.78377e+10
 7600 1.02578e+11 4.5154e+10 1.21547e+10 5.32955e+10
 8000 1.13655e+11 5.00268e+10 1.34612e+10 5.90477e+10
 8000 1.13656e+11 5.00309e+10 1.34604e+10 5.90492e+10
 16000 4.54356e+11 1.99789e+11 5.34404e+10 2.35862e+11
 24000 1.02195e+12 4.49022e+11 1.19624e+11 5.30197e+11
 32000 1.81637e+12 7.97606e+11 2.11868e+11 9.41948e+11
 40000 2.8376e+12 1.24549e+12 3.30076e+11 1.47105e+12
 48000 4.08561e+12 1.79266e+12 4.74178e+11 2.11748e+12
 56000 5.56038e+12 2.43909e+12 6.44128e+11 2.8812e+12
 64000 7.26183e+12 3.18473e+12 8.39813e+11 3.76212e+12
 72000 9.18991e+12 4.02947e+12 1.06118e+12 4.76019e+12
 80000 1.13447e+13 4.97327e+12 1.3082e+12 5.87537e+12
 88000 1.37259e+13 6.01601e+12 1.58089e+12 7.10761e+12
 96000 1.63339e+13 7.1578e+12 1.87926e+12 8.45697e+12
 104000 1.91684e+13 8.39864e+12 2.20335e+12 9.92348e+12
 112000 2.22296e+13 9.73843e+12 2.55315e+12 1.15071e+13
 120000 2.55172e+13 1.1177e+13 2.92866e+12 1.32076e+13
 128000 2.90312e+13 1.27144e+13 3.32987e+12 1.50251e+13
 136000 3.27716e+13 1.43506e+13 3.75675e+12 1.69597e+13
 144000 3.67385e+13 1.60858e+13 4.2093e+12 1.90112e+13
 152000 4.0932e+13 1.79198e+13 4.68748e+12 2.11798e+13
 160000 4.5352e+13 1.98528e+13 5.19129e+12 2.34654e+13
 160000 4.53452e+13 1.98561e+13 5.18269e+12 2.34613e+13
 320000 1.81366e+14 7.93074e+13 2.06345e+13 9.37693e+13
 480000 4.08112e+14 1.78357e+14 4.63525e+13 2.1094e+14
 640000 7.2576e+14 3.17045e+14 8.23723e+13 3.75059e+14
 800000 1.13406e+15 4.95338e+14 1.28638e+14 5.86012e+14
 960000 1.63312e+15 7.1313e+14 1.852e+14 8.43816e+14
 1.12e+06 2.22289e+15 9.70516e+14 2.51927e+14 1.14845e+15
 1.28e+06 2.90329e+15 1.26753e+15 3.2882e+14 1.49988e+15
 1.44e+06 3.67452e+15 1.60419e+15 4.15997e+14 1.89823e+15
 1.6e+06 4.53613e+15 1.98008e+15 5.13288e+14 2.34316e+15
 1.76e+06 5.48828e+15 2.39554e+15 6.20988e+14 2.83493e+15
 1.92e+06 6.53107e+15 2.85045e+15 7.38927e+14 3.37348e+15
 2.08e+06 7.66428e+15 3.3452e+15 8.67174e+14 3.95888e+15
 2.24e+06 8.88691e+15 3.87881e+15 1.00585e+15 4.59052e+15
 2.4e+06 1.02001e+16 4.45186e+15 1.15484e+15 5.26894e+15
 2.56e+06 1.16038e+16 5.06463e+15 1.31445e+15 5.99428e+15
 2.72e+06 1.3098e+16 5.71726e+15 1.48434e+15 6.76653e+15
 2.88e+06 1.46834e+16 6.4093e+15 1.66465e+15 7.5858e+15
 3.04e+06 1.63595e+16 7.1405e+15 1.85519e+15 8.45173e+15
 3.2e+06 1.81263e+16 7.91094e+15 2.056e+15 9.3644e+15
 3.2e+06 1.80866e+16 7.91776e+15 2.07263e+15 9.35901e+15
 6.4e+06 7.23872e+16 3.16135e+16 8.28733e+15 3.74293e+16
 9.6e+06 1.63261e+17 7.14163e+16 1.86097e+16 8.4429e+16
 1.28e+07 2.90241e+17 1.26962e+17 3.30824e+16 1.50095e+17
 1.6e+07 4.5241e+17 1.97577e+17 5.17932e+16 2.33927e+17
 1.92e+07 6.5109e+17 2.84993e+17 7.45979e+16 3.36894e+17
