#NOTE: MSDs should be divided by the temperature.
#NOTE: MSDs have been divided by 2 or 10 (i.e., the viscosity computed from all components).
#Time	MSD_xx	MSD_yy	MSD_zz	MSD_xy	MSD_xz	MSD_yz	MSD_off	MSD_all	MSD_bulkvisc
 20 8.14904e+09 8.16928e+09 8.14868e+09 8.20663e+09 8.18847e+09 8.20932e+09 8.20147e+09 8.18315e+09 1.02055e+10
 40 2.57045e+10 2.57718e+10 2.56988e+10 2.59092e+10 2.58546e+10 2.59456e+10 2.59031e+10 2.58319e+10 3.61156e+10
 60 4.70348e+10 4.71363e+10 4.70086e+10 4.74333e+10 4.73203e+10 4.75426e+10 4.74321e+10 4.72832e+10 7.22624e+10
 80 7.06678e+10 7.07561e+10 7.05883e+10 7.12913e+10 7.10315e+10 7.14742e+10 7.12657e+10 7.10277e+10 1.16162e+11
 100 9.52123e+10 9.52191e+10 9.5027e+10 9.60841e+10 9.55714e+10 9.63393e+10 9.59983e+10 9.56601e+10 1.67263e+11
 120 1.20383e+11 1.20259e+11 1.20052e+11 1.21524e+11 1.20687e+11 1.21885e+11 1.21365e+11 1.20912e+11 2.24844e+11
 140 1.47516e+11 1.47224e+11 1.47012e+11 1.48951e+11 1.47748e+11 1.49472e+11 1.48724e+11 1.48134e+11 2.87282e+11
 160 1.77263e+11 1.76774e+11 1.76558e+11 1.79049e+11 1.77444e+11 1.79766e+11 1.78753e+11 1.77998e+11 3.53187e+11
 180 2.09376e+11 2.08664e+11 2.0845e+11 2.11587e+11 2.09526e+11 2.12521e+11 2.11211e+11 2.10259e+11 4.22335e+11
 200 2.43665e+11 2.42704e+11 2.42513e+11 2.46393e+11 2.43786e+11 2.47555e+11 2.45912e+11 2.44731e+11 4.95113e+11
 220 2.80031e+11 2.78775e+11 2.78629e+11 2.83344e+11 2.80097e+11 2.84731e+11 2.82724e+11 2.81292e+11 5.71375e+11
 240 3.18289e+11 3.16696e+11 3.16609e+11 3.22237e+11 3.18273e+11 3.23843e+11 3.21451e+11 3.1975e+11 6.50357e+11
 260 3.58331e+11 3.56366e+11 3.56339e+11 3.62955e+11 3.58201e+11 3.64778e+11 3.61978e+11 3.59992e+11 7.31557e+11
 280 4.00064e+11 3.97707e+11 3.97724e+11 4.05389e+11 3.99817e+11 4.07443e+11 4.04216e+11 4.01929e+11 8.15151e+11
 300 4.43366e+11 4.40615e+11 4.40656e+11 4.49427e+11 4.43016e+11 4.5173e+11 4.48058e+11 4.45453e+11 9.01499e+11
 320 4.88159e+11 4.8501e+11 4.85069e+11 4.95028e+11 4.87708e+11 4.97567e+11 4.93435e+11 4.90492e+11 9.90562e+11
 340 5.34423e+11 5.30874e+11 5.30939e+11 5.4219e+11 5.33878e+11 5.44939e+11 5.40336e+11 5.37033e+11 1.08201e+12
 360 5.82176e+11 5.7821e+11 5.78288e+11 5.90939e+11 5.81543e+11 5.93859e+11 5.88781e+11 5.85091e+11 1.17573e+12
 380 6.31432e+11 6.27035e+11 6.27135e+11 6.41305e+11 6.30701e+11 6.4434e+11 6.38782e+11 6.34683e+11 1.27195e+12
 400 6.82161e+11 6.77342e+11 6.77461e+11 6.93252e+11 6.81313e+11 6.96354e+11 6.90307e+11 6.85779e+11 1.3709e+12
 400 6.85216e+11 6.79058e+11 6.78935e+11 6.91071e+11 6.82267e+11 6.96427e+11 6.89922e+11 6.86381e+11 1.3722e+12
 800 1.95617e+12 1.94171e+12 1.941e+12 1.99915e+12 1.94553e+12 1.99929e+12 1.98132e+12 1.96731e+12 3.87434e+12
 1200 3.59877e+12 3.57231e+12 3.56129e+12 3.69714e+12 3.56624e+12 3.68563e+12 3.64967e+12 3.62078e+12 7.1429e+12
 1600 5.50913e+12 5.46739e+12 5.43031e+12 5.66987e+12 5.43779e+12 5.64455e+12 5.58407e+12 5.53802e+12 1.09733e+13
 2000 7.62549e+12 7.55287e+12 7.48978e+12 7.85768e+12 7.50053e+12 7.81686e+12 7.72502e+12 7.65743e+12 1.52172e+13
 2400 9.89446e+12 9.78663e+12 9.69385e+12 1.02108e+13 9.70739e+12 1.0159e+13 1.00257e+13 9.93209e+12 1.97796e+13
 2800 1.22904e+13 1.21415e+13 1.20132e+13 1.26953e+13 1.20298e+13 1.26339e+13 1.2453e+13 1.23311e+13 2.45952e+13
 3200 1.47869e+13 1.46007e+13 1.44326e+13 1.5288e+13 1.44443e+13 1.52063e+13 1.49795e+13 1.48304e+13 2.96196e+13
 3600 1.7373e+13 1.7143e+13 1.69365e+13 1.79694e+13 1.69442e+13 1.78533e+13 1.75889e+13 1.74137e+13 3.48271e+13
 4000 2.00361e+13 1.97653e+13 1.95135e+13 2.07353e+13 1.95175e+13 2.05727e+13 2.02752e+13 2.00738e+13 4.02e+13
 4400 2.27674e+13 2.24495e+13 2.21578e+13 2.35702e+13 2.21509e+13 2.33507e+13 2.30239e+13 2.27977e+13 4.57085e+13
 4800 2.55464e+13 2.51891e+13 2.48597e+13 2.64697e+13 2.48388e+13 2.61824e+13 2.58303e+13 2.55775e+13 5.13361e+13
 5200 2.83651e+13 2.79718e+13 2.76074e+13 2.94244e+13 2.75671e+13 2.90555e+13 2.86823e+13 2.8402e+13 5.70802e+13
 5600 3.12193e+13 3.0793e+13 3.03949e+13 3.24229e+13 3.03168e+13 3.19557e+13 3.15651e+13 3.12601e+13 6.29193e+13
 6000 3.41093e+13 3.36448e+13 3.32098e+13 3.54675e+13 3.30896e+13 3.48861e+13 3.44811e+13 3.41505e+13 6.88439e+13
 6400 3.7033e+13 3.65239e+13 3.60481e+13 3.85497e+13 3.58859e+13 3.78423e+13 3.7426e+13 3.70696e+13 7.48499e+13
 6800 3.9986e+13 3.94238e+13 3.89076e+13 4.16637e+13 3.86924e+13 4.08156e+13 4.03906e+13 4.001e+13 8.0941e+13
 7200 4.29612e+13 4.23394e+13 4.178e+13 4.48029e+13 4.15094e+13 4.38098e+13 4.33741e+13 4.29685e+13 8.71033e+13
 7600 4.5956e+13 4.52694e+13 4.46658e+13 4.79647e+13 4.43409e+13 4.68194e+13 4.6375e+13 4.59438e+13 9.33532e+13
 8000 4.89701e+13 4.82126e+13 4.75664e+13 5.11456e+13 4.71818e+13 4.98408e+13 4.93894e+13 4.89335e+13 9.9689e+13
 8000 4.91194e+13 4.77397e+13 4.83968e+13 5.18885e+13 4.65008e+13 4.9492e+13 4.92938e+13 4.89437e+13 9.98455e+13
 16000 1.10697e+14 1.08082e+14 1.09194e+14 1.17936e+14 1.04589e+14 1.11412e+14 1.11312e+14 1.10517e+14 2.40682e+14
 24000 1.73348e+14 1.69332e+14 1.7336e+14 1.8876e+14 1.64068e+14 1.74326e+14 1.75718e+14 1.74236e+14 3.94375e+14
 32000 2.38812e+14 2.31515e+14 2.40539e+14 2.5777e+14 2.25325e+14 2.37934e+14 2.40343e+14 2.38988e+14 5.56141e+14
 40000 3.03751e+14 2.93372e+14 3.08015e+14 3.26172e+14 2.8858e+14 3.01946e+14 3.05566e+14 3.04025e+14 7.30711e+14
 48000 3.70417e+14 3.54924e+14 3.75161e+14 3.96144e+14 3.51641e+14 3.66272e+14 3.71352e+14 3.69545e+14 9.21702e+14
 56000 4.36548e+14 4.15797e+14 4.40141e+14 4.66099e+14 4.13956e+14 4.28663e+14 4.36239e+14 4.34075e+14 1.11545e+15
 64000 5.07364e+14 4.78585e+14 5.04616e+14 5.37658e+14 4.75865e+14 4.89675e+14 5.01066e+14 4.99382e+14 1.30923e+15
 72000 5.8016e+14 5.42575e+14 5.70324e+14 6.07651e+14 5.36984e+14 5.49769e+14 5.64801e+14 5.64622e+14 1.50476e+15
 80000 6.50956e+14 6.07744e+14 6.35216e+14 6.75719e+14 5.98081e+14 6.07397e+14 6.27066e+14 6.28762e+14 1.69767e+15
 88000 7.20964e+14 6.73741e+14 6.99358e+14 7.44777e+14 6.59216e+14 6.64275e+14 6.89423e+14 6.92862e+14 1.89247e+15
 96000 7.90896e+14 7.42468e+14 7.63753e+14 8.1421e+14 7.20157e+14 7.20911e+14 7.51759e+14 7.57338e+14 2.08743e+15
 104000 8.60702e+14 8.10663e+14 8.30333e+14 8.82992e+14 7.80672e+14 7.80102e+14 8.14589e+14 8.22313e+14 2.28463e+15
 112000 9.31138e+14 8.77155e+14 9.00285e+14 9.48483e+14 8.42478e+14 8.37657e+14 8.76206e+14 8.86868e+14 2.48095e+15
 120000 1.00121e+15 9.43866e+14 9.73533e+14 1.01224e+15 9.05898e+14 8.96249e+14 9.38129e+14 9.52025e+14 2.68032e+15
 128000 1.07268e+15 1.00975e+15 1.04762e+15 1.07859e+15 9.69875e+14 9.55316e+14 1.00126e+15 1.0181e+15 2.88146e+15
 136000 1.14607e+15 1.07379e+15 1.12068e+15 1.14251e+15 1.03536e+15 1.01397e+15 1.06395e+15 1.08377e+15 3.08384e+15
 144000 1.22119e+15 1.14101e+15 1.19513e+15 1.20693e+15 1.10143e+15 1.07196e+15 1.12677e+15 1.15037e+15 3.28392e+15
 152000 1.2983e+15 1.21258e+15 1.27034e+15 1.27077e+15 1.16633e+15 1.12894e+15 1.18868e+15 1.21737e+15 3.48167e+15
 160000 1.3736e+15 1.28293e+15 1.34518e+15 1.33159e+15 1.22768e+15 1.18605e+15 1.24844e+15 1.28263e+15 3.67801e+15
 160000 1.06109e+15 1.28793e+15 1.47939e+15 1.53929e+15 1.21085e+15 1.26159e+15 1.33724e+15 1.3128e+15 3.31153e+15
 320000 2.37058e+15 2.51986e+15 2.76724e+15 2.53071e+15 2.21342e+15 2.32422e+15 2.35612e+15 2.43469e+15 7.8906e+15
 480000 3.65849e+15 3.73931e+15 4.49413e+15 3.60013e+15 3.16863e+15 3.38876e+15 3.38584e+15 3.61709e+15 1.34973e+16
 640000 5.21585e+15 5.10654e+15 6.13712e+15 4.25266e+15 4.18553e+15 4.70058e+15 4.37959e+15 4.82235e+15 1.9214e+16
 800000 6.82507e+15 6.85297e+15 7.55392e+15 5.26294e+15 5.22363e+15 5.4577e+15 5.31476e+15 6.01978e+15 2.52195e+16
 960000 8.60166e+15 8.68786e+15 9.39712e+15 6.63486e+15 6.3919e+15 6.43561e+15 6.48746e+15 7.45069e+15 3.10684e+16
 1.12e+06 1.055e+16 1.0502e+16 1.1049e+16 7.6516e+15 7.39144e+15 7.55289e+15 7.53198e+15 8.79932e+15 3.62276e+16
 1.28e+06 1.29483e+16 1.26215e+16 1.28263e+16 8.71864e+15 8.44697e+15 8.79284e+15 8.65282e+15 1.03112e+16 4.19897e+16
 1.44e+06 1.51057e+16 1.44797e+16 1.41564e+16 9.40236e+15 9.38533e+15 1.0261e+16 9.68289e+15 1.1642e+16 4.80127e+16
 1.6e+06 1.72576e+16 1.59773e+16 1.53158e+16 9.97278e+15 1.0519e+16 1.17598e+16 1.07505e+16 1.29238e+16 5.45432e+16
 1.76e+06 1.97131e+16 1.72633e+16 1.64252e+16 1.07555e+16 1.16696e+16 1.36109e+16 1.2012e+16 1.43274e+16 6.05205e+16
 1.92e+06 2.25774e+16 1.86927e+16 1.74007e+16 1.12949e+16 1.25922e+16 1.57281e+16 1.32051e+16 1.57458e+16 6.61398e+16
 2.08e+06 2.54128e+16 2.05251e+16 1.84857e+16 1.17981e+16 1.3336e+16 1.79062e+16 1.43468e+16 1.71979e+16 7.04085e+16
 2.24e+06 2.8285e+16 2.23608e+16 1.97798e+16 1.1799e+16 1.45221e+16 2.01156e+16 1.54789e+16 1.86774e+16 7.44219e+16
 2.4e+06 3.14715e+16 2.42772e+16 2.08674e+16 1.23703e+16 1.569e+16 2.21052e+16 1.67218e+16 2.02486e+16 7.82214e+16
 2.56e+06 3.44771e+16 2.61884e+16 2.16348e+16 1.35564e+16 1.6807e+16 2.41913e+16 1.81849e+16 2.18843e+16 8.34512e+16
 2.72e+06 3.78086e+16 2.84367e+16 2.253e+16 1.45808e+16 1.79201e+16 2.64476e+16 1.96495e+16 2.36264e+16 8.94149e+16
 2.88e+06 4.06201e+16 3.07443e+16 2.3032e+16 1.57289e+16 1.91281e+16 2.86344e+16 2.11638e+16 2.52845e+16 9.48388e+16
 3.04e+06 4.3232e+16 3.35558e+16 2.38197e+16 1.65753e+16 2.04116e+16 3.11378e+16 2.27082e+16 2.70393e+16 1.00896e+17
 3.2e+06 4.58206e+16 3.65441e+16 2.44043e+16 1.79768e+16 2.15026e+16 3.40314e+16 2.45036e+16 2.8938e+16 1.05845e+17
 3.2e+06 3.36797e+16 3.61152e+16 2.59317e+16 1.69209e+16 2.97703e+16 2.46941e+16 2.37951e+16 2.70406e+16 9.14241e+16
 6.4e+06 7.66167e+16 1.22173e+17 4.80321e+16 5.10212e+16 4.11441e+16 9.0497e+16 6.08875e+16 6.9442e+16 1.48681e+17
 9.6e+06 1.14631e+17 2.18813e+17 5.19459e+16 9.90772e+16 9.74029e+16 2.02513e+17 1.32998e+17 1.31184e+17 7.16583e+16
 1.28e+07 1.51425e+17 2.76089e+17 2.63354e+16 1.47877e+17 4.99878e+16 3.24766e+17 1.7421e+17 1.65039e+17 2.06978e+17
 1.6e+07 1.91805e+17 2.47911e+17 1.5627e+16 1.71406e+17 7.62764e+16 3.86307e+17 2.1133e+17 1.87511e+17 2.11446e+17
 1.92e+07 4.57272e+17 2.72831e+17 2.36811e+16 1.15313e+17 6.70874e+16 3.01234e+17 1.61212e+17 1.97232e+17 5.34794e+16
