#NOTE: MSDs should be divided by (temperature^2).
#NOTE: MSDs have been divided by 2.
#Time	MSD_x	MSD_y	MSD_z	MSD_all
 20 711559 381231 201785 431525
 40 2.84556e+06 1.32909e+06 467422 1.54736e+06
 60 6.40184e+06 2.89924e+06 896287 3.39912e+06
 80 1.13803e+07 5.11046e+06 1.5189e+06 6.00321e+06
 100 1.77805e+07 7.95154e+06 2.31643e+06 9.3495e+06
 120 2.56023e+07 1.14123e+07 3.2715e+06 1.34287e+07
 140 3.48453e+07 1.55025e+07 4.40149e+06 1.82497e+07
 160 4.55092e+07 2.02206e+07 5.70327e+06 2.3811e+07
 180 5.75939e+07 2.55657e+07 7.1763e+06 3.0112e+07
 200 7.1099e+07 3.15372e+07 8.81956e+06 3.71519e+07
 220 8.60243e+07 3.81355e+07 1.06328e+07 4.49308e+07
 240 1.0237e+08 4.53608e+07 1.26176e+07 5.34493e+07
 260 1.20135e+08 5.3212e+07 1.47721e+07 6.27063e+07
 280 1.3932e+08 6.16902e+07 1.70976e+07 7.27025e+07
 300 1.59924e+08 7.07944e+07 1.95931e+07 8.34372e+07
 320 1.81948e+08 8.05253e+07 2.22595e+07 9.49111e+07
 340 2.05392e+08 9.08824e+07 2.5096e+07 1.07124e+08
 360 2.30256e+08 1.01866e+08 2.8103e+07 1.20075e+08
 380 2.56539e+08 1.13476e+08 3.12802e+07 1.33765e+08
 400 2.84242e+08 1.25712e+08 3.4628e+07 1.48194e+08
 400 2.84242e+08 1.25711e+08 3.46308e+07 1.48195e+08
 800 1.13655e+09 5.02028e+08 1.37362e+08 5.91978e+08
 1200 2.55683e+09 1.12889e+09 3.08134e+08 1.33128e+09
 1600 4.54496e+09 2.00615e+09 5.46779e+08 2.36597e+09
 2000 7.10083e+09 3.13371e+09 8.5317e+08 3.69591e+09
 2400 1.02244e+10 4.51145e+09 1.22716e+09 5.32099e+09
 2800 1.39154e+10 6.13927e+09 1.66865e+09 7.24112e+09
 3200 1.8174e+10 8.01708e+09 2.17753e+09 9.4562e+09
 3600 2.3e+10 1.01448e+10 2.7537e+09 1.19661e+10
 4000 2.83933e+10 1.25223e+10 3.39706e+09 1.47709e+10
 4400 3.43538e+10 1.51495e+10 4.10753e+09 1.78703e+10
 4800 4.08816e+10 1.80265e+10 4.88503e+09 2.12644e+10
 5200 4.79765e+10 2.1153e+10 5.72949e+09 2.4953e+10
 5600 5.56386e+10 2.4529e+10 6.64082e+09 2.89361e+10
 6000 6.38677e+10 2.81546e+10 7.61895e+09 3.32137e+10
 6400 7.26638e+10 3.20295e+10 8.66384e+09 3.77857e+10
 6800 8.20269e+10 3.61538e+10 9.7754e+09 4.2652e+10
 7200 9.19569e+10 4.05274e+10 1.09536e+10 4.78126e+10
 7600 1.02454e+11 4.51502e+10 1.21984e+10 5.32675e+10
 8000 1.13518e+11 5.00222e+10 1.35096e+10 5.90165e+10
 8000 1.13522e+11 5.00331e+10 1.3507e+10 5.90207e+10
 16000 4.53804e+11 1.99771e+11 5.36359e+10 2.35737e+11
 24000 1.02063e+12 4.4892e+11 1.20088e+11 5.29879e+11
 32000 1.81386e+12 7.97295e+11 2.12728e+11 9.41294e+11
 40000 2.83346e+12 1.24483e+12 3.31471e+11 1.46992e+12
 48000 4.07937e+12 1.79145e+12 4.76287e+11 2.1157e+12
 56000 5.55157e+12 2.43711e+12 6.47166e+11 2.87861e+12
 64000 7.24999e+12 3.18176e+12 8.44043e+11 3.7586e+12
 72000 9.17454e+12 4.02529e+12 1.06684e+12 4.75556e+12
 80000 1.13252e+13 4.96764e+12 1.31556e+12 5.86946e+12
 88000 1.37019e+13 6.00884e+12 1.59021e+12 7.10032e+12
 96000 1.63047e+13 7.1488e+12 1.89079e+12 8.4481e+12
 104000 1.91336e+13 8.38747e+12 2.2173e+12 9.91279e+12
 112000 2.21887e+13 9.72488e+12 2.56974e+12 1.14944e+13
 120000 2.54696e+13 1.11609e+13 2.94807e+12 1.31929e+13
 128000 2.89765e+13 1.26955e+13 3.3523e+12 1.50081e+13
 136000 3.27093e+13 1.43287e+13 3.78242e+12 1.69401e+13
 144000 3.66682e+13 1.60605e+13 4.23843e+12 1.89891e+13
 152000 4.08533e+13 1.78911e+13 4.72031e+12 2.11549e+13
 160000 4.52642e+13 1.98203e+13 5.22807e+12 2.34375e+13
 160000 4.53048e+13 1.98602e+13 5.21256e+12 2.34592e+13
 320000 1.81032e+14 7.92123e+13 2.07678e+13 9.36705e+13
 480000 4.07197e+14 1.78041e+14 4.66769e+13 2.10638e+14
 640000 7.2389e+14 3.16476e+14 8.30322e+13 3.74466e+14
 800000 1.13094e+15 4.94488e+14 1.29757e+14 5.85062e+14
 960000 1.62854e+15 7.1201e+14 1.86829e+14 8.42459e+14
 1.12e+06 2.21661e+15 9.69062e+14 2.54183e+14 1.14662e+15
 1.28e+06 2.89544e+15 1.26577e+15 3.31863e+14 1.49769e+15
 1.44e+06 3.66477e+15 1.60198e+15 4.201e+14 1.89561e+15
 1.6e+06 4.52479e+15 1.97747e+15 5.18521e+14 2.34026e+15
 1.76e+06 5.47533e+15 2.39268e+15 6.27375e+14 2.83179e+15
 1.92e+06 6.51642e+15 2.84735e+15 7.46476e+14 3.37008e+15
 2.08e+06 7.64784e+15 3.34213e+15 8.75773e+14 3.95525e+15
 2.24e+06 8.8692e+15 3.87637e+15 1.01533e+15 4.58696e+15
 2.4e+06 1.01805e+16 4.44993e+15 1.16529e+15 5.26524e+15
 2.56e+06 1.15822e+16 5.06328e+15 1.32563e+15 5.99036e+15
 2.72e+06 1.30744e+16 5.71672e+15 1.49605e+15 6.7624e+15
 2.88e+06 1.46578e+16 6.4098e+15 1.677e+15 7.58152e+15
 3.04e+06 1.63305e+16 7.14117e+15 1.868e+15 8.44657e+15
 3.2e+06 1.80936e+16 7.91136e+15 2.06932e+15 9.35809e+15
 3.2e+06 1.80866e+16 7.91776e+15 2.07263e+15 9.35901e+15
 6.4e+06 7.23872e+16 3.16135e+16 8.28733e+15 3.74293e+16
 9.6e+06 1.63261e+17 7.14163e+16 1.86097e+16 8.4429e+16
 1.28e+07 2.90241e+17 1.26962e+17 3.30824e+16 1.50095e+17
 1.6e+07 4.5241e+17 1.97577e+17 5.17932e+16 2.33927e+17
 1.92e+07 6.5109e+17 2.84993e+17 7.45979e+16 3.36894e+17
