#NOTE: MSDs should be divided by the temperature.
#NOTE: MSDs have been divided by 2 or 10 (i.e., the viscosity computed from all components).
#Time	MSD_xx	MSD_yy	MSD_zz	MSD_xy	MSD_xz	MSD_yz	MSD_off	MSD_all	MSD_bulkvisc
 20 8.1553e+09 8.19094e+09 8.18268e+09 8.17921e+09 8.15497e+09 8.19668e+09 8.17695e+09 8.17669e+09 1.02565e+10
 40 2.57211e+10 2.58582e+10 2.58393e+10 2.58104e+10 2.5733e+10 2.58697e+10 2.58044e+10 2.58051e+10 3.63131e+10
 60 4.70258e+10 4.73319e+10 4.73242e+10 4.7231e+10 4.70968e+10 4.73485e+10 4.72254e+10 4.72262e+10 7.27011e+10
 80 7.05536e+10 7.10988e+10 7.11427e+10 7.09312e+10 7.07442e+10 7.11186e+10 7.09313e+10 7.09315e+10 1.16939e+11
 100 9.49103e+10 9.57651e+10 9.58865e+10 9.5501e+10 9.52804e+10 9.57677e+10 9.55164e+10 9.55181e+10 1.68455e+11
 120 1.19838e+11 1.21058e+11 1.21271e+11 1.2067e+11 1.20435e+11 1.21038e+11 1.20714e+11 1.20718e+11 2.26503e+11
 140 1.46712e+11 1.48315e+11 1.48636e+11 1.47794e+11 1.47569e+11 1.48293e+11 1.47885e+11 1.47886e+11 2.89438e+11
 160 1.76206e+11 1.78212e+11 1.78662e+11 1.77546e+11 1.77349e+11 1.7819e+11 1.77695e+11 1.77694e+11 3.55886e+11
 180 2.08074e+11 2.10547e+11 2.1111e+11 2.09681e+11 2.09523e+11 2.10495e+11 2.099e+11 2.09904e+11 4.25641e+11
 200 2.42113e+11 2.45118e+11 2.45791e+11 2.44018e+11 2.43907e+11 2.45026e+11 2.44317e+11 2.44327e+11 4.99077e+11
 220 2.78194e+11 2.81776e+11 2.82579e+11 2.80436e+11 2.80372e+11 2.81664e+11 2.80824e+11 2.80834e+11 5.76029e+11
 240 3.16141e+11 3.20354e+11 3.21289e+11 3.18736e+11 3.18699e+11 3.20217e+11 3.19217e+11 3.19235e+11 6.55743e+11
 260 3.55834e+11 3.60737e+11 3.61801e+11 3.58776e+11 3.58772e+11 3.60552e+11 3.59367e+11 3.59403e+11 7.37742e+11
 280 3.9719e+11 4.02815e+11 4.04011e+11 4.00466e+11 4.00512e+11 4.02572e+11 4.01183e+11 4.01245e+11 8.22223e+11
 300 4.40101e+11 4.46507e+11 4.47818e+11 4.43718e+11 4.43813e+11 4.46183e+11 4.44571e+11 4.44666e+11 9.0955e+11
 320 4.84502e+11 4.91762e+11 4.93157e+11 4.8848e+11 4.88627e+11 4.91326e+11 4.89478e+11 4.89609e+11 9.99669e+11
 340 5.30401e+11 5.38546e+11 5.40011e+11 5.34725e+11 5.34937e+11 5.37996e+11 5.35886e+11 5.36059e+11 1.09226e+12
 360 5.77818e+11 5.86878e+11 5.88402e+11 5.82467e+11 5.82757e+11 5.86215e+11 5.83813e+11 5.84034e+11 1.1872e+12
 380 6.26745e+11 6.36765e+11 6.38316e+11 6.31703e+11 6.32093e+11 6.35977e+11 6.33258e+11 6.33532e+11 1.28471e+12
 400 6.77154e+11 6.88147e+11 6.89704e+11 6.82391e+11 6.82901e+11 6.87228e+11 6.84174e+11 6.84505e+11 1.38499e+12
 400 6.75715e+11 6.86513e+11 6.89711e+11 6.81987e+11 6.82774e+11 6.86076e+11 6.83612e+11 6.83759e+11 1.3874e+12
 800 1.93708e+12 1.97605e+12 1.9811e+12 1.9499e+12 1.95241e+12 1.96895e+12 1.95709e+12 1.96015e+12 3.92409e+12
 1200 3.56488e+12 3.64226e+12 3.66026e+12 3.585e+12 3.58981e+12 3.63271e+12 3.60251e+12 3.61049e+12 7.24356e+12
 1600 5.44929e+12 5.57485e+12 5.61463e+12 5.47208e+12 5.49047e+12 5.56148e+12 5.50801e+12 5.52331e+12 1.11433e+13
 2000 7.52353e+12 7.70836e+12 7.77571e+12 7.54132e+12 7.58475e+12 7.68181e+12 7.60263e+12 7.62926e+12 1.54847e+13
 2400 9.75089e+12 1.00037e+13 1.01052e+13 9.75477e+12 9.82882e+12 9.95382e+12 9.8458e+12 9.8888e+12 2.01835e+13
 2800 1.21034e+13 1.24261e+13 1.25645e+13 1.20799e+13 1.21998e+13 1.23433e+13 1.22077e+13 1.22705e+13 2.51499e+13
 3200 1.4553e+13 1.49504e+13 1.51342e+13 1.4493e+13 1.46785e+13 1.48246e+13 1.46654e+13 1.47509e+13 3.03441e+13
 3600 1.70781e+13 1.7557e+13 1.77972e+13 1.69802e+13 1.72487e+13 1.73823e+13 1.72037e+13 1.73132e+13 3.5738e+13
 4000 1.96737e+13 2.02353e+13 2.05349e+13 1.95216e+13 1.98843e+13 1.99998e+13 1.98019e+13 1.99403e+13 4.13006e+13
 4400 2.23294e+13 2.29746e+13 2.33308e+13 2.21144e+13 2.25764e+13 2.26699e+13 2.24536e+13 2.26235e+13 4.69954e+13
 4800 2.50345e+13 2.57701e+13 2.61779e+13 2.47464e+13 2.53195e+13 2.53848e+13 2.51502e+13 2.53545e+13 5.28222e+13
 5200 2.77792e+13 2.86137e+13 2.90702e+13 2.74018e+13 2.8105e+13 2.81392e+13 2.7882e+13 2.81243e+13 5.87798e+13
 5600 3.05621e+13 3.15065e+13 3.20012e+13 3.00842e+13 3.09242e+13 3.09228e+13 3.06437e+13 3.09289e+13 6.48525e+13
 6000 3.3379e+13 3.44445e+13 3.49605e+13 3.2784e+13 3.37804e+13 3.37249e+13 3.34297e+13 3.37624e+13 7.10252e+13
 6400 3.62346e+13 3.74158e+13 3.79465e+13 3.5502e+13 3.66736e+13 3.65475e+13 3.6241e+13 3.66242e+13 7.72911e+13
 6800 3.9119e+13 4.04189e+13 4.09561e+13 3.82358e+13 3.96043e+13 3.93907e+13 3.90769e+13 3.9512e+13 8.3648e+13
 7200 4.20226e+13 4.34405e+13 4.39848e+13 4.09903e+13 4.25591e+13 4.22484e+13 4.19326e+13 4.24193e+13 9.00892e+13
 7600 4.49444e+13 4.64891e+13 4.70303e+13 4.37624e+13 4.55297e+13 4.51138e+13 4.4802e+13 4.5343e+13 9.65914e+13
 8000 4.78851e+13 4.95487e+13 5.00904e+13 4.65526e+13 4.85143e+13 4.79785e+13 4.76818e+13 4.8279e+13 1.03149e+14
 8000 4.80812e+13 4.91528e+13 4.92871e+13 4.68626e+13 4.96953e+13 4.85931e+13 4.83837e+13 4.85663e+13 1.02805e+14
 16000 1.09489e+14 1.12301e+14 1.11336e+14 1.046e+14 1.11472e+14 1.04659e+14 1.0691e+14 1.08563e+14 2.42475e+14
 24000 1.73736e+14 1.79075e+14 1.74799e+14 1.64577e+14 1.73944e+14 1.61227e+14 1.66583e+14 1.70298e+14 3.94265e+14
 32000 2.39992e+14 2.48911e+14 2.38912e+14 2.26084e+14 2.37683e+14 2.1857e+14 2.27446e+14 2.33509e+14 5.49236e+14
 40000 3.0594e+14 3.19308e+14 3.05734e+14 2.87872e+14 3.01838e+14 2.78492e+14 2.89401e+14 2.97771e+14 7.13744e+14
 48000 3.74035e+14 3.88665e+14 3.7472e+14 3.53086e+14 3.67543e+14 3.40025e+14 3.53551e+14 3.63787e+14 8.88991e+14
 56000 4.42742e+14 4.58006e+14 4.43224e+14 4.19667e+14 4.34552e+14 4.0311e+14 4.1911e+14 4.30662e+14 1.07594e+15
 64000 5.10725e+14 5.24574e+14 5.11451e+14 4.86399e+14 5.03225e+14 4.68777e+14 4.86134e+14 4.97913e+14 1.27116e+15
 72000 5.79128e+14 5.89556e+14 5.78398e+14 5.54231e+14 5.73906e+14 5.35386e+14 5.54508e+14 5.65649e+14 1.4729e+15
 80000 6.48298e+14 6.55063e+14 6.4666e+14 6.23758e+14 6.45977e+14 5.9977e+14 6.23168e+14 6.33904e+14 1.67906e+15
 88000 7.20714e+14 7.18151e+14 7.17528e+14 6.9358e+14 7.15583e+14 6.64828e+14 6.9133e+14 7.02317e+14 1.87783e+15
 96000 7.92344e+14 7.81646e+14 7.89821e+14 7.6383e+14 7.85957e+14 7.2976e+14 7.59849e+14 7.71084e+14 2.06742e+15
 104000 8.6468e+14 8.47425e+14 8.6264e+14 8.34987e+14 8.55444e+14 7.93739e+14 8.28057e+14 8.40133e+14 2.2567e+15
 112000 9.37892e+14 9.11006e+14 9.32952e+14 9.02536e+14 9.23735e+14 8.56916e+14 8.94396e+14 9.07551e+14 2.44215e+15
 120000 1.01097e+15 9.70752e+14 1.00162e+15 9.70089e+14 9.92447e+14 9.21804e+14 9.61447e+14 9.74648e+14 2.63048e+15
 128000 1.08396e+15 1.03248e+15 1.06874e+15 1.04132e+15 1.05942e+15 9.85176e+14 1.02864e+15 1.04187e+15 2.82548e+15
 136000 1.15754e+15 1.09352e+15 1.13249e+15 1.11517e+15 1.12736e+15 1.04824e+15 1.09692e+15 1.10929e+15 3.02085e+15
 144000 1.23324e+15 1.15388e+15 1.19615e+15 1.19105e+15 1.19605e+15 1.11216e+15 1.16642e+15 1.17762e+15 3.21965e+15
 152000 1.31346e+15 1.21384e+15 1.25488e+15 1.2696e+15 1.26116e+15 1.17816e+15 1.23631e+15 1.24608e+15 3.4253e+15
 160000 1.3957e+15 1.27504e+15 1.31245e+15 1.34778e+15 1.32703e+15 1.24257e+15 1.30579e+15 1.31457e+15 3.63608e+15
 160000 1.54248e+15 1.33875e+15 1.32632e+15 1.29897e+15 1.22281e+15 1.14443e+15 1.22207e+15 1.29425e+15 3.47762e+15
 320000 3.34752e+15 2.60871e+15 2.76981e+15 2.67879e+15 2.619e+15 2.4681e+15 2.58863e+15 2.71665e+15 7.63357e+15
 480000 5.03509e+15 4.1706e+15 4.45136e+15 3.91505e+15 4.11907e+15 3.898e+15 3.97737e+15 4.20736e+15 1.14058e+16
 640000 6.59318e+15 5.76204e+15 6.20789e+15 5.37518e+15 5.58539e+15 5.47081e+15 5.47713e+15 5.76136e+15 1.57968e+16
 800000 8.50231e+15 7.48373e+15 7.98279e+15 6.86107e+15 7.10917e+15 7.14968e+15 7.03997e+15 7.41983e+15 2.10063e+16
 960000 1.07337e+16 9.44584e+15 9.89315e+15 8.21231e+15 8.48626e+15 8.56833e+15 8.4223e+15 9.06308e+15 2.56726e+16
 1.12e+06 1.31199e+16 1.1231e+16 1.17457e+16 9.59177e+15 1.01378e+16 1.02397e+16 9.98977e+15 1.08067e+16 3.03028e+16
 1.28e+06 1.52637e+16 1.30931e+16 1.35721e+16 1.11923e+16 1.19204e+16 1.20697e+16 1.17275e+16 1.2627e+16 3.50356e+16
 1.44e+06 1.67626e+16 1.51616e+16 1.48499e+16 1.25229e+16 1.3787e+16 1.41854e+16 1.34984e+16 1.43356e+16 3.88235e+16
 1.6e+06 1.8371e+16 1.74802e+16 1.60147e+16 1.37197e+16 1.60431e+16 1.62417e+16 1.53348e+16 1.61164e+16 4.23929e+16
 1.76e+06 2.03482e+16 1.9699e+16 1.68858e+16 1.46158e+16 1.85253e+16 1.88768e+16 1.73393e+16 1.79947e+16 4.58787e+16
 1.92e+06 2.24709e+16 2.21447e+16 1.78267e+16 1.54474e+16 2.12654e+16 2.0837e+16 1.91833e+16 1.98356e+16 4.94606e+16
 2.08e+06 2.44771e+16 2.48056e+16 1.90645e+16 1.55851e+16 2.36548e+16 2.228e+16 2.05066e+16 2.14169e+16 5.26748e+16
 2.24e+06 2.6552e+16 2.76615e+16 2.02886e+16 1.55738e+16 2.63697e+16 2.37597e+16 2.19011e+16 2.30743e+16 5.58036e+16
 2.4e+06 2.85239e+16 3.04294e+16 2.14913e+16 1.56147e+16 2.87721e+16 2.51586e+16 2.31818e+16 2.4635e+16 5.81447e+16
 2.56e+06 3.04663e+16 3.36109e+16 2.3349e+16 1.56266e+16 3.13535e+16 2.67411e+16 2.45737e+16 2.64011e+16 6.03922e+16
 2.72e+06 3.2906e+16 3.71088e+16 2.53481e+16 1.59425e+16 3.40824e+16 2.86658e+16 2.62302e+16 2.84532e+16 6.27513e+16
 2.88e+06 3.54843e+16 4.0904e+16 2.72234e+16 1.62948e+16 3.72402e+16 3.08026e+16 2.81126e+16 3.06824e+16 6.40326e+16
 3.04e+06 3.73918e+16 4.4723e+16 2.93115e+16 1.70368e+16 4.04451e+16 3.33619e+16 3.02813e+16 3.30256e+16 6.41994e+16
 3.2e+06 3.95855e+16 4.89621e+16 3.12144e+16 1.79672e+16 4.37911e+16 3.59029e+16 3.25537e+16 3.55005e+16 6.41855e+16
 3.2e+06 3.21356e+16 5.09183e+16 2.8029e+16 1.42777e+16 5.55324e+16 3.99274e+16 3.65792e+16 3.67586e+16 4.35434e+16
 6.4e+06 1.04008e+17 1.3956e+17 7.86605e+16 3.32964e+16 1.3204e+17 1.16242e+17 9.38595e+16 9.92795e+16 7.67069e+16
 9.6e+06 1.53955e+17 1.38696e+17 1.68936e+17 5.56925e+16 1.81915e+17 2.00016e+17 1.45874e+17 1.4907e+17 5.48068e+16
 1.28e+07 1.61268e+17 8.55734e+16 2.90929e+17 1.00298e+17 3.17831e+17 3.00284e+17 2.39471e+17 2.15386e+17 1.24564e+17
 1.6e+07 9.18677e+16 1.49198e+17 4.65404e+17 1.64293e+17 2.47171e+17 5.11518e+17 3.07661e+17 2.78792e+17 5.45377e+16
 1.92e+07 7.11289e+16 2.89057e+17 6.46964e+17 1.60639e+17 1.75904e+17 7.33459e+17 3.56667e+17 3.48287e+17 3.52594e+13
