#NOTE: MSDs should be divided by the temperature.
#NOTE: MSDs have been divided by 2 or 10 (i.e., the viscosity computed from all components).
#Time	MSD_xx	MSD_yy	MSD_zz	MSD_xy	MSD_xz	MSD_yz	MSD_off	MSD_all	MSD_bulkvisc
 20 8.27199e+09 8.20321e+09 8.22009e+09 8.16432e+09 8.19624e+09 8.18893e+09 8.18316e+09 8.2026e+09 1.02758e+10
 40 2.61909e+10 2.59116e+10 2.59922e+10 2.57837e+10 2.58826e+10 2.58605e+10 2.58423e+10 2.5918e+10 3.63943e+10
 60 4.80474e+10 4.74418e+10 4.76344e+10 4.72197e+10 4.73903e+10 4.73401e+10 4.73167e+10 4.74732e+10 7.28801e+10
 80 7.22819e+10 7.12738e+10 7.16058e+10 7.09574e+10 7.12028e+10 7.1103e+10 7.10877e+10 7.13408e+10 1.17238e+11
 100 9.7472e+10 9.60195e+10 9.64979e+10 9.55946e+10 9.59113e+10 9.57478e+10 9.57513e+10 9.6116e+10 1.68895e+11
 120 1.23322e+11 1.21405e+11 1.2203e+11 1.20862e+11 1.21236e+11 1.21021e+11 1.21039e+11 1.21525e+11 2.27104e+11
 140 1.51157e+11 1.4878e+11 1.49537e+11 1.48102e+11 1.48526e+11 1.48283e+11 1.48303e+11 1.48912e+11 2.90225e+11
 160 1.81632e+11 1.78826e+11 1.79682e+11 1.77981e+11 1.78447e+11 1.78206e+11 1.78211e+11 1.78946e+11 3.56866e+11
 180 2.14496e+11 2.11302e+11 2.12228e+11 2.1027e+11 2.10752e+11 2.1055e+11 2.10524e+11 2.11384e+11 4.26824e+11
 200 2.4954e+11 2.46006e+11 2.46976e+11 2.44794e+11 2.45251e+11 2.45119e+11 2.45055e+11 2.46036e+11 5.00497e+11
 220 2.86626e+11 2.82811e+11 2.83798e+11 2.81432e+11 2.81812e+11 2.8177e+11 2.81671e+11 2.82767e+11 5.77727e+11
 240 3.25532e+11 3.21517e+11 3.22479e+11 3.19986e+11 3.20228e+11 3.20294e+11 3.20169e+11 3.21372e+11 6.57742e+11
 260 3.6612e+11 3.61994e+11 3.62887e+11 3.60333e+11 3.60367e+11 3.60565e+11 3.60422e+11 3.6172e+11 7.40061e+11
 280 4.08285e+11 4.04152e+11 4.04928e+11 4.02378e+11 4.02138e+11 4.02491e+11 4.02336e+11 4.03717e+11 8.24891e+11
 300 4.51927e+11 4.47892e+11 4.4851e+11 4.4601e+11 4.45443e+11 4.45982e+11 4.45812e+11 4.47264e+11 9.12601e+11
 320 4.97003e+11 4.93143e+11 4.93584e+11 4.9117e+11 4.90221e+11 4.90991e+11 4.90794e+11 4.92307e+11 1.00313e+12
 340 5.43521e+11 5.39899e+11 5.40156e+11 5.3784e+11 5.36465e+11 5.37512e+11 5.37272e+11 5.3884e+11 1.09615e+12
 360 5.9151e+11 5.88182e+11 5.88251e+11 5.86049e+11 5.84209e+11 5.85557e+11 5.85271e+11 5.86889e+11 1.19154e+12
 380 6.4098e+11 6.37986e+11 6.37872e+11 6.35824e+11 6.33466e+11 6.35142e+11 6.34811e+11 6.36465e+11 1.28955e+12
 400 6.9189e+11 6.89278e+11 6.88998e+11 6.87133e+11 6.84206e+11 6.86226e+11 6.85855e+11 6.87535e+11 1.3904e+12
 400 6.91223e+11 6.89173e+11 6.87995e+11 6.86881e+11 6.85485e+11 6.86303e+11 6.86223e+11 6.87519e+11 1.38827e+12
 800 1.969e+12 1.98099e+12 1.9751e+12 1.97409e+12 1.95936e+12 1.96926e+12 1.96757e+12 1.97055e+12 3.95205e+12
 1200 3.62478e+12 3.66267e+12 3.648e+12 3.64735e+12 3.60809e+12 3.62832e+12 3.62792e+12 3.63481e+12 7.32455e+12
 1600 5.55342e+12 5.62588e+12 5.60239e+12 5.5988e+12 5.52353e+12 5.55429e+12 5.55887e+12 5.57288e+12 1.12968e+13
 2000 7.69074e+12 7.80331e+12 7.76896e+12 7.76432e+12 7.63808e+12 7.67625e+12 7.69288e+12 7.71746e+12 1.57202e+13
 2400 9.9848e+12 1.0145e+13 1.0104e+13 1.00956e+13 9.91172e+12 9.95442e+12 9.98726e+12 1.00235e+13 2.05188e+13
 2800 1.24021e+13 1.26193e+13 1.25726e+13 1.25602e+13 1.23144e+13 1.23566e+13 1.24104e+13 1.24588e+13 2.56172e+13
 3200 1.49201e+13 1.52014e+13 1.51547e+13 1.51318e+13 1.48259e+13 1.48563e+13 1.4938e+13 1.49996e+13 3.09695e+13
 3600 1.75161e+13 1.78671e+13 1.78297e+13 1.77939e+13 1.74337e+13 1.74311e+13 1.75529e+13 1.76268e+13 3.65431e+13
 4000 2.01774e+13 2.06004e+13 2.05799e+13 2.05304e+13 2.01271e+13 2.00709e+13 2.02428e+13 2.03267e+13 4.23073e+13
 4400 2.28939e+13 2.33881e+13 2.33965e+13 2.3329e+13 2.28948e+13 2.27592e+13 2.29943e+13 2.30871e+13 4.82408e+13
 4800 2.5661e+13 2.62259e+13 2.62696e+13 2.61739e+13 2.5721e+13 2.54877e+13 2.57942e+13 2.58974e+13 5.43167e+13
 5200 2.84688e+13 2.91044e+13 2.91971e+13 2.90592e+13 2.85981e+13 2.82538e+13 2.8637e+13 2.87516e+13 6.0498e+13
 5600 3.13086e+13 3.20181e+13 3.21731e+13 3.19847e+13 3.15223e+13 3.10517e+13 3.15196e+13 3.1645e+13 6.6784e+13
 6000 3.41814e+13 3.49619e+13 3.51946e+13 3.49447e+13 3.44935e+13 3.38794e+13 3.44392e+13 3.45752e+13 7.31656e+13
 6400 3.70837e+13 3.7936e+13 3.82583e+13 3.79398e+13 3.75065e+13 3.6733e+13 3.73931e+13 3.75396e+13 7.96503e+13
 6800 4.0014e+13 4.09326e+13 4.13577e+13 4.09687e+13 4.05442e+13 3.96104e+13 4.03744e+13 4.05319e+13 8.62335e+13
 7200 4.29683e+13 4.39539e+13 4.4488e+13 4.40242e+13 4.36082e+13 4.25077e+13 4.338e+13 4.35494e+13 9.2887e+13
 7600 4.59549e+13 4.69994e+13 4.76442e+13 4.7101e+13 4.66891e+13 4.54247e+13 4.6405e+13 4.65894e+13 9.96118e+13
 8000 4.89695e+13 5.00645e+13 5.08204e+13 5.0203e+13 4.97919e+13 4.83647e+13 4.94532e+13 4.96525e+13 1.06402e+14
 8000 4.96452e+13 5.04383e+13 5.02675e+13 5.03911e+13 5.06547e+13 4.85785e+13 4.98748e+13 4.99717e+13 1.07611e+14
 16000 1.14122e+14 1.13444e+14 1.18653e+14 1.15249e+14 1.1594e+14 1.11444e+14 1.14211e+14 1.14689e+14 2.51377e+14
 24000 1.83137e+14 1.78443e+14 1.92225e+14 1.83391e+14 1.85449e+14 1.7598e+14 1.81606e+14 1.82805e+14 4.04483e+14
 32000 2.53701e+14 2.43082e+14 2.66941e+14 2.52263e+14 2.59743e+14 2.43151e+14 2.51719e+14 2.52861e+14 5.63556e+14
 40000 3.26312e+14 3.07771e+14 3.45331e+14 3.20864e+14 3.3564e+14 3.11609e+14 3.22705e+14 3.24211e+14 7.31256e+14
 48000 4.02131e+14 3.72674e+14 4.25388e+14 3.90135e+14 4.14041e+14 3.81661e+14 3.95279e+14 3.97193e+14 9.02373e+14
 56000 4.80418e+14 4.37333e+14 5.07324e+14 4.56524e+14 4.95922e+14 4.55132e+14 4.69193e+14 4.71525e+14 1.07706e+15
 64000 5.60092e+14 5.03162e+14 5.90322e+14 5.20186e+14 5.82374e+14 5.31409e+14 5.44656e+14 5.47271e+14 1.25996e+15
 72000 6.40996e+14 5.69772e+14 6.73972e+14 5.83909e+14 6.69213e+14 6.09016e+14 6.20713e+14 6.23726e+14 1.44972e+15
 80000 7.23694e+14 6.40061e+14 7.60452e+14 6.47075e+14 7.57118e+14 6.86237e+14 6.9681e+14 7.01314e+14 1.64391e+15
 88000 8.09808e+14 7.12991e+14 8.521e+14 7.11497e+14 8.44882e+14 7.61159e+14 7.72513e+14 7.80161e+14 1.842e+15
 96000 8.93349e+14 7.84909e+14 9.47253e+14 7.76588e+14 9.33727e+14 8.39035e+14 8.49783e+14 8.59938e+14 2.04018e+15
 104000 9.80993e+14 8.57863e+14 1.04369e+15 8.43206e+14 1.02291e+15 9.18119e+14 9.2808e+14 9.41187e+14 2.23977e+15
 112000 1.06942e+15 9.32868e+14 1.14243e+15 9.11081e+14 1.1113e+15 9.97368e+14 1.00658e+15 1.02325e+15 2.44183e+15
 120000 1.15861e+15 1.0106e+15 1.24169e+15 9.80229e+14 1.2014e+15 1.07801e+15 1.08655e+15 1.10671e+15 2.6519e+15
 128000 1.24696e+15 1.08869e+15 1.3431e+15 1.04765e+15 1.29017e+15 1.15854e+15 1.16545e+15 1.18977e+15 2.86696e+15
 136000 1.33643e+15 1.16856e+15 1.44534e+15 1.11677e+15 1.38163e+15 1.24067e+15 1.24636e+15 1.27452e+15 3.08684e+15
 144000 1.42838e+15 1.25123e+15 1.54953e+15 1.18587e+15 1.4741e+15 1.32265e+15 1.32754e+15 1.36041e+15 3.30763e+15
 152000 1.52099e+15 1.33316e+15 1.65535e+15 1.25423e+15 1.5682e+15 1.40474e+15 1.40906e+15 1.4467e+15 3.52898e+15
 160000 1.61261e+15 1.41603e+15 1.76401e+15 1.3254e+15 1.66298e+15 1.48535e+15 1.49124e+15 1.53377e+15 3.74924e+15
 160000 1.7453e+15 1.53415e+15 1.81112e+15 1.33015e+15 1.76195e+15 1.48736e+15 1.52649e+15 1.59463e+15 3.63795e+15
 320000 3.91427e+15 3.28143e+15 4.13604e+15 2.65536e+15 3.48084e+15 3.13581e+15 3.09067e+15 3.3653e+15 8.21055e+15
 480000 6.05868e+15 5.08123e+15 6.65416e+15 3.91382e+15 5.21344e+15 4.70913e+15 4.61213e+15 5.13982e+15 1.31409e+16
 640000 8.4691e+15 6.68724e+15 8.81879e+15 5.38883e+15 7.04079e+15 6.27353e+15 6.23439e+15 6.93732e+15 1.83916e+16
 800000 1.10224e+16 8.52849e+15 1.13509e+16 6.89119e+15 8.73545e+15 7.94573e+15 7.85745e+15 8.83471e+15 2.32354e+16
 960000 1.4025e+16 1.01064e+16 1.42425e+16 8.43188e+15 1.00794e+16 9.79542e+15 9.43558e+15 1.07779e+16 2.7647e+16
 1.12e+06 1.71101e+16 1.16005e+16 1.7054e+16 9.98501e+15 1.11394e+16 1.17968e+16 1.09738e+16 1.26862e+16 3.25488e+16
 1.28e+06 2.03547e+16 1.30754e+16 1.95943e+16 1.13883e+16 1.17449e+16 1.39022e+16 1.23451e+16 1.4477e+16 3.71083e+16
 1.44e+06 2.39841e+16 1.47341e+16 2.24956e+16 1.27116e+16 1.24355e+16 1.5848e+16 1.3665e+16 1.63609e+16 4.21724e+16
 1.6e+06 2.80096e+16 1.6432e+16 2.59551e+16 1.39089e+16 1.35972e+16 1.80087e+16 1.51716e+16 1.84892e+16 4.76394e+16
 1.76e+06 3.21295e+16 1.82179e+16 2.93683e+16 1.49268e+16 1.4979e+16 2.0186e+16 1.66973e+16 2.06471e+16 5.27205e+16
 1.92e+06 3.66108e+16 2.02914e+16 3.31004e+16 1.58203e+16 1.66011e+16 2.22172e+16 1.82129e+16 2.29281e+16 5.72945e+16
 2.08e+06 4.07776e+16 2.26376e+16 3.69242e+16 1.71206e+16 1.9083e+16 2.37942e+16 1.99993e+16 2.53781e+16 6.14159e+16
 2.24e+06 4.49159e+16 2.50607e+16 4.1011e+16 1.8506e+16 2.16402e+16 2.54494e+16 2.18652e+16 2.79175e+16 6.51166e+16
 2.4e+06 4.89964e+16 2.74391e+16 4.47456e+16 2.01296e+16 2.44303e+16 2.73568e+16 2.39722e+16 3.05408e+16 6.94454e+16
 2.56e+06 5.32973e+16 2.95657e+16 4.78879e+16 2.16411e+16 2.73147e+16 2.90329e+16 2.59962e+16 3.30312e+16 7.3427e+16
 2.72e+06 5.75058e+16 3.13989e+16 5.0782e+16 2.29426e+16 2.98447e+16 3.07374e+16 2.78416e+16 3.53298e+16 7.7873e+16
 2.88e+06 6.17953e+16 3.32742e+16 5.32877e+16 2.43239e+16 3.24575e+16 3.24426e+16 2.97413e+16 3.76258e+16 8.26916e+16
 3.04e+06 6.60601e+16 3.48002e+16 5.51481e+16 2.55111e+16 3.4997e+16 3.43738e+16 3.16273e+16 3.97775e+16 8.7786e+16
 3.2e+06 7.03198e+16 3.64583e+16 5.66407e+16 2.62489e+16 3.75795e+16 3.57803e+16 3.32029e+16 4.17109e+16 9.26841e+16
 3.2e+06 6.63814e+16 4.10715e+16 5.27348e+16 2.78545e+16 3.8164e+16 4.47899e+16 3.69361e+16 4.352e+16 1.17422e+17
 6.4e+06 1.36436e+17 7.82465e+16 4.33139e+16 6.68475e+16 9.09909e+16 4.1354e+16 6.63975e+16 7.4238e+16 2.58471e+17
 9.6e+06 1.31992e+17 1.23029e+17 6.06171e+16 8.97726e+16 1.33471e+17 8.3856e+16 1.02366e+17 1.03505e+17 2.51469e+17
 1.28e+07 1.63961e+17 1.75574e+17 3.7907e+16 9.86935e+16 1.54584e+17 6.39018e+16 1.05726e+17 1.13761e+17 2.62978e+17
 1.6e+07 1.75995e+17 2.23121e+17 5.9671e+16 1.03382e+17 1.42231e+17 9.16083e+16 1.12407e+17 1.28616e+17 3.11839e+17
 1.92e+07 1.99331e+17 2.0113e+17 5.55591e+16 9.4009e+16 1.55028e+17 9.02184e+16 1.13085e+17 1.28654e+17 3.79227e+17
 2.24e+07 2.17664e+17 1.90877e+17 5.00691e+16 3.80839e+16 1.81234e+17 7.79598e+16 9.90927e+16 1.20604e+17 3.93474e+17
 2.56e+07 1.99485e+17 1.38748e+17 2.8304e+16 6.20825e+15 1.57081e+17 1.10511e+17 9.12667e+16 1.03632e+17 3.8821e+17
 2.88e+07 7.35424e+16 1.16775e+17 2.31301e+16 2.69233e+15 6.84407e+16 4.29782e+16 3.80371e+16 5.1282e+16 4.27759e+17
 3.2e+07 1.76679e+17 2.64074e+16 1.03307e+17 2.81195e+16 1.43908e+17 4.42003e+16 7.20761e+16 8.40981e+16 1.13279e+17
 3.52e+07 5.6602e+17 1.34558e+17 1.48627e+17 6.7705e+16 2.74529e+17 2.74035e+16 1.23212e+17 1.87155e+17 6.69114e+14
