#NOTE: MSDs should be divided by the total number of molecules (N).
#Time	MSD__S_S	MSD__S_wat	MSD__S_Li	MSD__wat_wat	MSD__wat_Li	MSD__Li_Li	
 2000 59449.9 1.10103e+06 118871 2.03936e+07 2.20175e+06 237715
 4000 72801.4 1.34835e+06 145573 2.49764e+07 2.6965e+06 291133
 6000 73683.6 1.36466e+06 147333 2.52793e+07 2.72915e+06 294655
 8000 74319.9 1.37638e+06 148597 2.54962e+07 2.75253e+06 297180
 10000 75495.3 1.39811e+06 150946 2.58991e+07 2.79607e+06 301889
 12000 77741.5 1.43983e+06 155447 2.66753e+07 2.87979e+06 310922
 14000 79197.1 1.46674e+06 158355 2.7174e+07 2.93365e+06 316744
 16000 79684.9 1.47586e+06 159338 2.73454e+07 2.95212e+06 318739
 18000 81502.8 1.50942e+06 162957 2.7966e+07 3.01903e+06 325957
 20000 82197.6 1.52221e+06 164337 2.82027e+07 3.04455e+06 328711
 22000 83508.5 1.54641e+06 166953 2.86506e+07 3.09293e+06 333943
 24000 84781.9 1.5699e+06 169490 2.90853e+07 3.13986e+06 339012
 26000 86993.7 1.61088e+06 173912 2.98457e+07 3.22188e+06 347864
 28000 88568.4 1.63992e+06 177046 3.03823e+07 3.27978e+06 354115
 30000 90169.2 1.66943e+06 180231 3.09275e+07 3.33861e+06 360467
 32000 92451.1 1.71166e+06 184797 3.17099e+07 3.42319e+06 369613
 34000 94265.1 1.7452e+06 188421 3.23314e+07 3.49033e+06 376870
 36000 95957.8 1.77648e+06 191798 3.29105e+07 3.55284e+06 383620
 38000 97234.6 1.80003e+06 194343 3.33462e+07 3.59988e+06 388704
 40000 101033 1.87033e+06 201937 3.46482e+07 3.74051e+06 403897
 40000 101027 1.86979e+06 201884 3.46305e+07 3.73869e+06 403708
 80000 179244 3.31729e+06 358187 6.14414e+07 6.63336e+06 716309
 120000 299262 5.53865e+06 598025 1.02579e+08 1.10745e+07 1.19584e+06
 160000 476835 8.8263e+06 953010 1.63473e+08 1.76491e+07 1.90574e+06
 200000 696244 1.2889e+07 1.39172e+06 2.38728e+08 2.57748e+07 2.78321e+06
 240000 972308 1.79994e+07 1.9435e+06 3.33353e+08 3.59913e+07 3.88635e+06
 280000 1.29135e+06 2.39054e+07 2.58127e+06 4.42707e+08 4.77996e+07 5.1615e+06
 320000 1.6617e+06 3.07639e+07 3.32172e+06 5.69747e+08 6.15145e+07 6.6422e+06
 360000 2.07792e+06 3.84701e+07 4.15376e+06 7.12448e+08 7.69212e+07 8.30568e+06
 400000 2.54182e+06 4.70612e+07 5.08122e+06 8.71572e+08 9.40993e+07 1.01602e+07
 440000 3.05717e+06 5.66045e+07 6.11153e+06 1.04832e+09 1.13181e+08 1.22203e+07
 480000 3.61773e+06 6.69845e+07 7.23217e+06 1.24055e+09 1.33934e+08 1.44609e+07
 520000 4.23798e+06 7.84682e+07 8.47193e+06 1.45319e+09 1.5689e+08 1.69391e+07
 560000 4.89795e+06 9.06883e+07 9.79122e+06 1.67948e+09 1.81319e+08 1.95767e+07
 600000 5.61376e+06 1.03945e+08 1.12225e+07 1.92501e+09 2.07828e+08 2.24386e+07
 640000 6.37912e+06 1.18119e+08 1.27526e+07 2.18752e+09 2.36167e+08 2.54981e+07
 680000 7.1929e+06 1.33189e+08 1.43797e+07 2.46661e+09 2.66299e+08 2.87514e+07
 720000 8.05179e+06 1.49095e+08 1.6097e+07 2.76121e+09 2.98104e+08 3.21852e+07
 760000 8.96646e+06 1.66033e+08 1.79256e+07 3.0749e+09 3.3197e+08 3.58413e+07
 800000 9.92748e+06 1.83829e+08 1.98469e+07 3.40445e+09 3.67548e+08 3.96824e+07
 800000 9.76126e+06 1.80776e+08 1.95161e+07 3.34836e+09 3.61472e+08 3.90241e+07
 1.6e+06 3.89431e+07 7.21247e+08 7.78635e+07 1.33586e+10 1.44214e+09 1.5569e+08
 2.4e+06 8.68615e+07 1.60881e+09 1.73681e+08 2.97985e+10 3.21692e+09 3.4729e+08
 3.2e+06 1.5215e+08 2.81812e+09 3.04223e+08 5.21985e+10 5.63494e+09 6.08309e+08
 4e+06 2.33045e+08 4.31619e+09 4.65939e+08 7.9941e+10 8.62974e+09 9.316e+08
 4.8e+06 3.27391e+08 6.06338e+09 6.54528e+08 1.12297e+11 1.21222e+10 1.30858e+09
 5.6e+06 4.31759e+08 7.99547e+09 8.63071e+08 1.48065e+11 1.59828e+10 1.72528e+09
 6.4e+06 5.43866e+08 1.00705e+10 1.08705e+09 1.86472e+11 2.01285e+10 2.17276e+09
 7.2e+06 6.61951e+08 1.22563e+10 1.32298e+09 2.26932e+11 2.44957e+10 2.64415e+09
 8e+06 7.83282e+08 1.45018e+10 1.56538e+09 2.68492e+11 2.89821e+10 3.12845e+09
 8.8e+06 9.0485e+08 1.67528e+10 1.80835e+09 3.10171e+11 3.34809e+10 3.61405e+09
 9.6e+06 1.02284e+09 1.89367e+10 2.04409e+09 3.50596e+11 3.78444e+10 4.08506e+09
 1.04e+07 1.13124e+09 2.09431e+10 2.26069e+09 3.87731e+11 4.18532e+10 4.51783e+09
 1.12e+07 1.22717e+09 2.27186e+10 2.45232e+09 4.20594e+11 4.54003e+10 4.90067e+09
 1.2e+07 1.30825e+09 2.42196e+10 2.61427e+09 4.48382e+11 4.83983e+10 5.22414e+09
 1.28e+07 1.37438e+09 2.54444e+10 2.74633e+09 4.71067e+11 5.08443e+10 5.48787e+09
 1.36e+07 1.43425e+09 2.65528e+10 2.86577e+09 4.91584e+11 5.30553e+10 5.72614e+09
 1.44e+07 1.49217e+09 2.76259e+10 2.98135e+09 5.11465e+11 5.51966e+10 5.95677e+09
 1.52e+07 1.54992e+09 2.8696e+10 3.0967e+09 5.31296e+11 5.73343e+10 6.18721e+09
 1.6e+07 1.60804e+09 2.97728e+10 3.21281e+09 5.51244e+11 5.94852e+10 6.41914e+09
 1.6e+07 1.43826e+09 2.66217e+10 2.87202e+09 4.92762e+11 5.31603e+10 5.7351e+09
 3.2e+07 2.8877e+09 5.34091e+10 5.75375e+09 9.87828e+11 1.06418e+11 1.14644e+10
