#NOTE: MSDs should be divided by the temperature.
#NOTE: MSDs have been divided by 2 or 10 (i.e., the viscosity computed from all components).
#Time	MSD_xx	MSD_yy	MSD_zz	MSD_xy	MSD_xz	MSD_yz	MSD_off	MSD_all	MSD_bulkvisc
 20 8.1984e+09 8.2656e+09 8.11058e+09 8.36758e+09 8.18003e+09 8.11262e+09 8.22008e+09 8.20866e+09 1.02206e+10
 40 2.59196e+10 2.6147e+10 2.55951e+10 2.6564e+10 2.58105e+10 2.55949e+10 2.59898e+10 2.59488e+10 3.61602e+10
 60 4.75601e+10 4.7951e+10 4.68625e+10 4.89808e+10 4.72054e+10 4.67849e+10 4.7657e+10 4.75774e+10 7.23485e+10
 80 7.17323e+10 7.21649e+10 7.04191e+10 7.41395e+10 7.09164e+10 7.01671e+10 7.1741e+10 7.16201e+10 1.16303e+11
 100 9.70584e+10 9.73285e+10 9.48041e+10 1.00598e+11 9.55951e+10 9.43689e+10 9.68539e+10 9.66711e+10 1.67422e+11
 120 1.2317e+11 1.23129e+11 1.1972e+11 1.28053e+11 1.20989e+11 1.19201e+11 1.22747e+11 1.22451e+11 2.24994e+11
 140 1.51386e+11 1.50993e+11 1.46511e+11 1.5788e+11 1.48498e+11 1.46056e+11 1.50811e+11 1.50339e+11 2.8748e+11
 160 1.82366e+11 1.81625e+11 1.7586e+11 1.90761e+11 1.78843e+11 1.75589e+11 1.81731e+11 1.81019e+11 3.53595e+11
 180 2.15887e+11 2.14807e+11 2.07574e+11 2.26466e+11 2.11719e+11 2.07492e+11 2.15226e+11 2.14238e+11 4.23145e+11
 200 2.51762e+11 2.50315e+11 2.41459e+11 2.64853e+11 2.46875e+11 2.41547e+11 2.51092e+11 2.49793e+11 4.96506e+11
 220 2.89936e+11 2.88045e+11 2.77396e+11 3.0584e+11 2.84165e+11 2.77645e+11 2.89217e+11 2.8758e+11 5.73524e+11
 240 3.30185e+11 3.27857e+11 3.15201e+11 3.49202e+11 3.23351e+11 3.1558e+11 3.29378e+11 3.27392e+11 6.53445e+11
 260 3.72338e+11 3.69605e+11 3.54756e+11 3.94741e+11 3.64317e+11 3.55243e+11 3.71434e+11 3.69087e+11 7.35722e+11
 280 4.16282e+11 4.13167e+11 3.95945e+11 4.42257e+11 4.07045e+11 3.96595e+11 4.15299e+11 4.12565e+11 8.20427e+11
 300 4.61927e+11 4.58411e+11 4.38697e+11 4.91566e+11 4.51471e+11 4.39512e+11 4.6085e+11 4.57714e+11 9.07875e+11
 320 5.09256e+11 5.05249e+11 4.82973e+11 5.42623e+11 4.97549e+11 4.83894e+11 5.08022e+11 5.04477e+11 9.98037e+11
 340 5.58236e+11 5.53652e+11 5.28722e+11 5.95476e+11 5.4536e+11 5.29721e+11 5.56852e+11 5.5286e+11 1.09061e+12
 360 6.08874e+11 6.03634e+11 5.75974e+11 6.5026e+11 5.94941e+11 5.77007e+11 6.07403e+11 6.02906e+11 1.18551e+12
 380 6.61223e+11 6.55256e+11 6.24751e+11 7.07061e+11 6.46246e+11 6.25779e+11 6.59695e+11 6.54648e+11 1.28293e+12
 400 7.15276e+11 7.08618e+11 6.75048e+11 7.6587e+11 6.99158e+11 6.7606e+11 7.13696e+11 7.08076e+11 1.38298e+12
 400 7.21434e+11 7.0933e+11 6.73786e+11 7.61786e+11 6.99653e+11 6.81267e+11 7.14235e+11 7.09148e+11 1.3861e+12
 800 2.09183e+12 2.06554e+12 1.93122e+12 2.28023e+12 2.02925e+12 1.91554e+12 2.07501e+12 2.05682e+12 3.91125e+12
 1200 3.87191e+12 3.83994e+12 3.5421e+12 4.31094e+12 3.7592e+12 3.50083e+12 3.85699e+12 3.81472e+12 7.19108e+12
 1600 5.92955e+12 5.88875e+12 5.38075e+12 6.73695e+12 5.78151e+12 5.31917e+12 5.94587e+12 5.86073e+12 1.10425e+13
 2000 8.20201e+12 8.12457e+12 7.38235e+12 9.46661e+12 8.02524e+12 7.31906e+12 8.2703e+12 8.12337e+12 1.52971e+13
 2400 1.06527e+13 1.05029e+13 9.51285e+12 1.24588e+13 1.04605e+13 9.45113e+12 1.07902e+13 1.05632e+13 1.98534e+13
 2800 1.32539e+13 1.29933e+13 1.17234e+13 1.56718e+13 1.30424e+13 1.17022e+13 1.34721e+13 1.3146e+13 2.4666e+13
 3200 1.59569e+13 1.5572e+13 1.39929e+13 1.91125e+13 1.57455e+13 1.40462e+13 1.63014e+13 1.58504e+13 2.97289e+13
 3600 1.87604e+13 1.82418e+13 1.63148e+13 2.2747e+13 1.85315e+13 1.647e+13 1.92495e+13 1.86586e+13 3.50645e+13
 4000 2.16314e+13 2.09883e+13 1.86796e+13 2.65538e+13 2.1375e+13 1.89807e+13 2.23032e+13 2.15551e+13 4.06173e+13
 4400 2.45812e+13 2.38172e+13 2.11205e+13 3.05059e+13 2.42854e+13 2.15388e+13 2.54433e+13 2.45352e+13 4.63306e+13
 4800 2.75938e+13 2.67155e+13 2.36144e+13 3.45844e+13 2.7268e+13 2.41474e+13 2.86666e+13 2.75898e+13 5.21601e+13
 5200 3.06618e+13 2.96858e+13 2.61608e+13 3.87581e+13 3.03255e+13 2.68075e+13 3.19637e+13 3.07127e+13 5.81081e+13
 5600 3.37782e+13 3.2717e+13 2.87597e+13 4.30113e+13 3.34197e+13 2.9484e+13 3.5305e+13 3.38837e+13 6.41609e+13
 6000 3.69344e+13 3.58064e+13 3.14075e+13 4.73328e+13 3.65603e+13 3.21965e+13 3.86965e+13 3.71044e+13 7.032e+13
 6400 4.01461e+13 3.89721e+13 3.41066e+13 5.16906e+13 3.97314e+13 3.49491e+13 4.21237e+13 4.03709e+13 7.66065e+13
 6800 4.3395e+13 4.21975e+13 3.68723e+13 5.606e+13 4.28979e+13 3.77457e+13 4.55679e+13 4.36694e+13 8.29909e+13
 7200 4.66653e+13 4.54629e+13 3.96553e+13 6.04422e+13 4.60833e+13 4.05902e+13 4.90386e+13 4.69943e+13 8.94434e+13
 7600 4.9948e+13 4.87767e+13 4.24562e+13 6.48143e+13 4.92915e+13 4.34658e+13 5.25239e+13 5.03384e+13 9.59472e+13
 8000 5.32568e+13 5.21438e+13 4.52814e+13 6.91686e+13 5.25075e+13 4.63686e+13 5.60149e+13 5.36999e+13 1.02509e+14
 8000 5.63586e+13 5.225e+13 4.86486e+13 6.75666e+13 5.15824e+13 4.55438e+13 5.48976e+13 5.39062e+13 1.07386e+14
 16000 1.20394e+14 1.22834e+14 1.00731e+14 1.51018e+14 1.11932e+14 1.01495e+14 1.21482e+14 1.1875e+14 2.4871e+14
 24000 1.74906e+14 1.9061e+14 1.44939e+14 2.50617e+14 1.60034e+14 1.5965e+14 1.901e+14 1.82121e+14 4.01434e+14
 32000 2.24298e+14 2.64693e+14 1.8173e+14 3.45889e+14 2.14609e+14 2.18202e+14 2.59567e+14 2.4517e+14 5.57858e+14
 40000 2.72089e+14 3.36913e+14 2.12653e+14 4.35483e+14 2.64946e+14 2.7584e+14 3.25423e+14 3.04808e+14 7.39218e+14
 48000 3.25091e+14 3.96969e+14 2.38341e+14 5.2899e+14 3.17117e+14 3.40231e+14 3.95446e+14 3.65321e+14 9.45009e+14
 56000 3.70683e+14 4.55934e+14 2.61485e+14 6.20135e+14 3.69926e+14 4.06494e+14 4.65518e+14 4.24391e+14 1.17765e+15
 64000 4.21694e+14 5.27811e+14 2.95822e+14 7.10771e+14 4.27435e+14 4.71817e+14 5.36674e+14 4.88048e+14 1.41841e+15
 72000 4.81759e+14 6.04739e+14 3.25589e+14 7.93992e+14 4.9473e+14 5.41228e+14 6.09983e+14 5.54268e+14 1.68848e+15
 80000 5.41662e+14 6.88971e+14 3.51415e+14 8.74641e+14 5.61509e+14 6.11387e+14 6.82512e+14 6.20447e+14 1.9684e+15
 88000 6.07659e+14 7.83271e+14 3.73701e+14 9.40145e+14 6.27432e+14 6.87976e+14 7.51851e+14 6.86395e+14 2.25754e+15
 96000 6.68067e+14 8.73252e+14 3.8771e+14 1.00099e+15 6.86696e+14 7.66144e+14 8.17943e+14 7.4797e+14 2.56392e+15
 104000 7.20095e+14 9.51957e+14 3.96548e+14 1.07448e+15 7.38439e+14 8.39716e+14 8.8421e+14 8.06339e+14 2.868e+15
 112000 7.67705e+14 1.02467e+15 4.14048e+14 1.15636e+15 7.91354e+14 9.17239e+14 9.54984e+14 8.6718e+14 3.16058e+15
 120000 8.21833e+14 1.09463e+15 4.496e+14 1.2349e+15 8.48341e+14 1.01321e+15 1.03215e+15 9.34764e+14 3.46173e+15
 128000 8.89344e+14 1.17564e+15 4.87795e+14 1.30442e+15 9.16477e+14 1.12729e+15 1.11606e+15 1.01001e+15 3.75186e+15
 136000 9.47537e+14 1.25664e+15 5.18695e+14 1.36397e+15 9.86874e+14 1.25023e+15 1.20036e+15 1.08326e+15 4.0464e+15
 144000 9.9955e+14 1.3435e+15 5.41579e+14 1.4043e+15 1.05367e+15 1.37678e+15 1.27825e+15 1.15157e+15 4.3239e+15
 152000 1.04811e+15 1.43973e+15 5.62266e+14 1.43812e+15 1.11962e+15 1.50187e+15 1.35321e+15 1.2186e+15 4.60656e+15
 160000 1.09162e+15 1.53731e+15 5.91956e+14 1.46009e+15 1.18488e+15 1.62847e+15 1.42448e+15 1.28414e+15 4.85732e+15
 160000 5.56505e+14 1.19022e+15 6.47969e+14 2.61358e+15 1.08581e+15 1.57301e+15 1.75746e+15 1.37377e+15 4.98083e+15
 320000 1.58586e+15 3.01184e+15 1.30401e+15 2.44937e+15 2.06466e+15 4.78699e+15 3.10034e+15 2.6471e+15 9.3304e+15
 480000 2.6886e+15 4.16664e+15 1.39058e+15 3.755e+15 3.49203e+15 8.05967e+15 5.10223e+15 4.16078e+15 1.39535e+16
 640000 3.84261e+15 6.10967e+15 1.50239e+15 3.2406e+15 5.38338e+15 1.0588e+16 6.40399e+15 5.36968e+15 1.6264e+16
 800000 5.03587e+15 7.13046e+15 8.7218e+14 3.39862e+15 7.79734e+15 1.16567e+16 7.61756e+15 6.30901e+15 1.89674e+16
 960000 6.6052e+15 7.95028e+15 3.03388e+14 4.38833e+15 1.07097e+16 1.20298e+16 9.04261e+15 7.40675e+15 2.62966e+16
 1.12e+06 8.3065e+15 9.01929e+15 5.04003e+14 6.44217e+15 1.41315e+16 1.23325e+16 1.09687e+16 8.95853e+15 2.24626e+16
 1.28e+06 8.87372e+15 1.13435e+16 7.6766e+14 8.11216e+15 1.88775e+16 9.22952e+15 1.20731e+16 1.00418e+16 2.24262e+16
 1.44e+06 9.15869e+15 1.50832e+16 1.18632e+15 5.986e+15 2.38332e+16 5.64952e+15 1.18229e+16 1.04842e+16 1.49756e+16
 1.6e+06 8.92527e+15 1.6319e+16 1.99506e+15 4.93169e+15 2.64955e+16 4.67029e+15 1.20325e+16 1.08514e+16 9.98579e+15
 1.76e+06 1.05626e+16 1.67462e+16 1.06394e+15 2.00409e+15 2.39107e+16 3.90687e+15 9.94054e+15 9.74736e+15 4.68715e+15
 1.92e+06 1.62201e+16 1.88301e+16 9.73056e+13 2.83198e+14 1.24505e+16 2.0187e+15 4.91746e+15 7.63681e+15 3.36645e+14
