#NOTE: MSDs should be divided by the total number of molecules (N).
#Time	MSD__wat_wat	MSD__wat_Li	MSD__wat_S	MSD__Li_Li	MSD__Li_S	MSD__S_S	
 2000 44360.3 4781.72 2368.77 523.444 256.796 132.833
 4000 177139 19112.8 9521.26 2074.52 1029.88 521.955
 6000 398328 42989.8 21447.4 4656.16 2318.37 1168.63
 8000 707891 76409 38144.6 8267.95 4121.97 2072.84
 10000 1.1058e+06 119367 59611.2 12909.6 6440.56 3234.49
 12000 1.59202e+06 171860 85845.5 18580.8 9273.97 4653.57
 14000 2.16653e+06 233887 116846 25281.3 12622 6329.88
 16000 2.82932e+06 305445 152613 33010.9 16484.5 8263.39
 18000 3.58037e+06 386531 193143 41769.3 20861.4 10454.1
 20000 4.41964e+06 477145 238437 51556.4 25752.6 12901.8
 22000 5.34713e+06 577283 288493 62371.8 31158 15606.7
 24000 6.36283e+06 686945 343310 74215.6 37077.4 18568.5
 26000 7.46671e+06 806129 402888 87087.4 43510.9 21787.3
 28000 8.65879e+06 934835 467226 100987 50458.3 25263.1
 30000 9.93903e+06 1.07306e+06 536323 115915 57919.6 28995.8
 32000 1.13074e+07 1.2208e+06 610179 131870 65894.7 32985.3
 34000 1.2764e+07 1.37807e+06 688793 148854 74383.5 37231.7
 36000 1.43087e+07 1.54485e+06 772166 166864 83386.1 41735
 38000 1.59415e+07 1.72114e+06 860296 185902 92902.4 46495.2
 40000 1.76625e+07 1.90695e+06 953183 205968 102932 51512
 40000 1.76694e+07 1.90772e+06 953534 206057 102973 51530.9
 80000 7.05961e+07 7.62226e+06 3.81034e+06 823132 411443 205798
 120000 1.58707e+08 1.71356e+07 8.56645e+06 1.85037e+06 924981 462591
 160000 2.81967e+08 3.04437e+07 1.52197e+07 3.28728e+06 1.64334e+06 821786
 200000 4.40351e+08 4.7544e+07 2.37689e+07 5.13363e+06 2.56638e+06 1.28331e+06
 240000 6.33846e+08 6.8435e+07 3.42135e+07 7.38925e+06 3.69407e+06 1.84716e+06
 280000 8.62382e+08 9.31092e+07 4.65497e+07 1.00533e+07 5.02597e+06 2.51312e+06
 320000 1.12589e+09 1.2156e+08 6.07738e+07 1.31252e+07 6.56174e+06 3.28098e+06
 360000 1.42433e+09 1.53782e+08 7.68832e+07 1.66041e+07 8.30105e+06 4.15063e+06
 400000 1.75763e+09 1.89767e+08 9.4874e+07 2.04895e+07 1.02435e+07 5.12182e+06
 440000 2.12571e+09 2.29509e+08 1.14743e+08 2.47806e+07 1.23888e+07 6.1944e+06
 480000 2.52853e+09 2.73001e+08 1.36486e+08 2.94764e+07 1.47364e+07 7.36809e+06
 520000 2.96586e+09 3.2022e+08 1.60093e+08 3.45747e+07 1.72852e+07 8.6424e+06
 560000 3.4376e+09 3.71153e+08 1.85556e+08 4.0074e+07 2.00345e+07 1.00169e+07
 600000 3.94366e+09 4.25793e+08 2.12871e+08 4.59737e+07 2.29838e+07 1.14914e+07
 640000 4.48409e+09 4.84144e+08 2.42041e+08 5.2274e+07 2.61333e+07 1.30659e+07
 680000 5.05869e+09 5.46185e+08 2.73055e+08 5.89729e+07 2.9482e+07 1.47399e+07
 720000 5.66735e+09 6.11904e+08 3.05907e+08 6.60689e+07 3.30291e+07 1.65131e+07
 760000 6.31001e+09 6.81294e+08 3.40594e+08 7.35611e+07 3.67744e+07 1.83854e+07
 800000 6.98654e+09 7.54341e+08 3.77109e+08 8.14484e+07 4.07171e+07 2.03564e+07
 800000 6.93335e+09 7.48616e+08 3.74253e+08 8.08322e+07 4.04097e+07 2.0203e+07
 1.6e+06 2.72908e+10 2.94656e+09 1.47298e+09 3.18141e+08 1.59037e+08 7.95042e+07
 2.4e+06 6.05723e+10 6.53989e+09 3.26919e+09 7.06105e+08 3.5297e+08 1.76448e+08
 3.2e+06 1.06502e+11 1.14986e+10 5.74801e+09 1.24147e+09 6.20591e+08 3.10228e+08
 4e+06 1.64441e+11 1.77543e+10 8.87527e+09 1.9169e+09 9.58244e+08 4.79025e+08
 4.8e+06 2.33561e+11 2.52176e+10 1.26065e+10 2.72275e+09 1.36112e+09 6.80439e+08
 5.6e+06 3.12769e+11 3.37703e+10 1.6882e+10 3.64626e+09 1.82279e+09 9.11235e+08
 6.4e+06 4.00668e+11 4.32621e+10 2.16257e+10 4.67124e+09 2.33504e+09 1.16724e+09
 7.2e+06 4.95216e+11 5.34725e+10 2.67283e+10 5.77387e+09 2.88608e+09 1.44262e+09
 8e+06 5.96706e+11 6.44324e+10 3.22055e+10 6.95744e+09 3.47756e+09 1.73821e+09
 8.8e+06 7.05674e+11 7.61988e+10 3.80858e+10 8.22798e+09 4.11251e+09 2.05553e+09
 9.6e+06 8.20767e+11 8.86257e+10 4.42961e+10 9.56974e+09 4.78305e+09 2.39063e+09
 1.04e+07 9.40373e+11 1.01538e+11 5.07487e+10 1.09638e+10 5.47969e+09 2.73875e+09
 1.12e+07 1.06345e+12 1.14827e+11 5.73894e+10 1.23986e+10 6.1967e+09 3.09706e+09
 1.2e+07 1.18997e+12 1.28487e+11 6.42165e+10 1.38735e+10 6.93381e+09 3.46546e+09
 1.28e+07 1.31849e+12 1.42363e+11 7.11511e+10 1.53715e+10 7.6825e+09 3.83963e+09
 1.36e+07 1.44598e+12 1.56126e+11 7.80273e+10 1.68574e+10 8.42483e+09 4.2105e+09
 1.44e+07 1.57277e+12 1.69812e+11 8.48648e+10 1.83346e+10 9.16286e+09 4.57922e+09
 1.52e+07 1.69665e+12 1.83181e+11 9.15436e+10 1.97775e+10 9.88364e+09 4.93929e+09
 1.6e+07 1.8201e+12 1.96504e+11 9.81981e+10 2.12151e+10 1.06018e+10 5.298e+09
 1.6e+07 3.43125e+11 3.70086e+10 1.84573e+10 3.99168e+09 1.99077e+09 9.92877e+08
 3.2e+07 6.87497e+11 7.41161e+10 3.68342e+10 7.99022e+09 3.97096e+09 1.9735e+09
