#NOTE: MSDs should be divided by (temperature^2).
#NOTE: MSDs have been divided by 2.
#Time	MSD_x	MSD_y	MSD_z	MSD_all
 20 781615 412922 205187 466575
 40 3.12577e+06 1.45626e+06 482005 1.68801e+06
 60 7.03229e+06 3.18483e+06 928461 3.71519e+06
 80 1.2501e+07 5.61762e+06 1.5754e+06 6.56467e+06
 100 1.95316e+07 8.74355e+06 2.404e+06 1.02264e+07
 120 2.81236e+07 1.25522e+07 3.39704e+06 1.4691e+07
 140 3.82769e+07 1.70535e+07 4.57142e+06 1.99673e+07
 160 4.99911e+07 2.22457e+07 5.92468e+06 2.60538e+07
 180 6.32659e+07 2.81281e+07 7.45562e+06 3.29499e+07
 200 7.81009e+07 3.47002e+07 9.16344e+06 4.06549e+07
 220 9.4496e+07 4.19616e+07 1.10479e+07 4.91685e+07
 240 1.12451e+08 4.99133e+07 1.31107e+07 5.84917e+07
 260 1.31966e+08 5.85542e+07 1.53497e+07 6.86231e+07
 280 1.5304e+08 6.78848e+07 1.77663e+07 7.95635e+07
 300 1.75673e+08 7.79047e+07 2.03599e+07 9.13126e+07
 320 1.99866e+08 8.86142e+07 2.31308e+07 1.0387e+08
 340 2.25618e+08 1.00013e+08 2.60788e+07 1.17237e+08
 360 2.5293e+08 1.12101e+08 2.92038e+07 1.31412e+08
 380 2.81801e+08 1.24879e+08 3.25059e+07 1.46395e+08
 400 3.12231e+08 1.38346e+08 3.59851e+07 1.62188e+08
 400 3.12232e+08 1.38346e+08 3.59832e+07 1.62187e+08
 800 1.24844e+09 5.52516e+08 1.42746e+08 6.47902e+08
 1200 2.80853e+09 1.24245e+09 3.20211e+08 1.45706e+09
 1600 4.99234e+09 2.20799e+09 5.6822e+08 2.58952e+09
 2000 7.79971e+09 3.44903e+09 8.86618e+08 4.04512e+09
 2400 1.12305e+10 4.96546e+09 1.27527e+09 5.82376e+09
 2800 1.52847e+10 6.75716e+09 1.73405e+09 7.92531e+09
 3200 1.99621e+10 8.82406e+09 2.26284e+09 1.03497e+10
 3600 2.52626e+10 1.11661e+10 2.86153e+09 1.30967e+10
 4000 3.11862e+10 1.37831e+10 3.52999e+09 1.61664e+10
 4400 3.77327e+10 1.6675e+10 4.26815e+09 1.95586e+10
 4800 4.4902e+10 1.98418e+10 5.0759e+09 2.32733e+10
 5200 5.26941e+10 2.32834e+10 5.95317e+09 2.73102e+10
 5600 6.11089e+10 2.69998e+10 6.89988e+09 3.16695e+10
 6000 7.01463e+10 3.09908e+10 7.91593e+09 3.6351e+10
 6400 7.98063e+10 3.52563e+10 9.00127e+09 4.13546e+10
 6800 9.00887e+10 3.97965e+10 1.01558e+10 4.66803e+10
 7200 1.00993e+11 4.46111e+10 1.13795e+10 5.2328e+10
 7600 1.12521e+11 4.97002e+10 1.26723e+10 5.82977e+10
 8000 1.2467e+11 5.50636e+10 1.40341e+10 6.45893e+10
 8000 1.24669e+11 5.50651e+10 1.40337e+10 6.45894e+10
 16000 4.98271e+11 2.19901e+11 5.56846e+10 2.57952e+11
 24000 1.1205e+12 4.94242e+11 1.24594e+11 5.7978e+11
 32000 1.99123e+12 8.77941e+11 2.20551e+11 1.02991e+12
 40000 3.11039e+12 1.37093e+12 3.43433e+11 1.60825e+12
 48000 4.47797e+12 1.97317e+12 4.93161e+11 2.31477e+12
 56000 6.09402e+12 2.68463e+12 6.69705e+11 3.14945e+12
 64000 7.95864e+12 3.50529e+12 8.73046e+11 4.11233e+12
 72000 1.00719e+13 4.43513e+12 1.10312e+12 5.20339e+12
 80000 1.24338e+13 5.47411e+12 1.35986e+12 6.42258e+12
 88000 1.50442e+13 6.62222e+12 1.64325e+12 7.7699e+12
 96000 1.79032e+13 7.87945e+12 1.95325e+12 9.24529e+12
 104000 2.10106e+13 9.24579e+12 2.28985e+12 1.08487e+13
 112000 2.43664e+13 1.07212e+13 2.65299e+12 1.25802e+13
 120000 2.79708e+13 1.23058e+13 3.04264e+12 1.44397e+13
 128000 3.18237e+13 1.39993e+13 3.4588e+12 1.64273e+13
 136000 3.59251e+13 1.58019e+13 3.90148e+12 1.85428e+13
 144000 4.02751e+13 1.77134e+13 4.37065e+12 2.07864e+13
 152000 4.48736e+13 1.97339e+13 4.8663e+12 2.31579e+13
 160000 4.97205e+13 2.18634e+13 5.38844e+12 2.56574e+13
 160000 4.97146e+13 2.1865e+13 5.39032e+12 2.56566e+13
 320000 1.98823e+14 8.73386e+13 2.13759e+13 1.02512e+14
 480000 4.47331e+14 1.96385e+14 4.79169e+13 2.30544e+14
 640000 7.95237e+14 3.48945e+14 8.49877e+13 4.09723e+14
 800000 1.24259e+15 5.45118e+14 1.32567e+14 6.4009e+14
 960000 1.78934e+15 7.84864e+14 1.9066e+14 9.21622e+14
 1.12e+06 2.43569e+15 1.0682e+15 2.59319e+14 1.2544e+15
 1.28e+06 3.18157e+15 1.39505e+15 3.38443e+14 1.63835e+15
 1.44e+06 4.0271e+15 1.7654e+15 4.28076e+14 2.07352e+15
 1.6e+06 4.97227e+15 2.17922e+15 5.28281e+14 2.55992e+15
 1.76e+06 6.01706e+15 2.63663e+15 6.38918e+14 3.09754e+15
 1.92e+06 7.16167e+15 3.13793e+15 7.60024e+14 3.68654e+15
 2.08e+06 8.40616e+15 3.68289e+15 8.91747e+14 4.32693e+15
 2.24e+06 9.75046e+15 4.27166e+15 1.03407e+15 5.01873e+15
 2.4e+06 1.11942e+16 4.9041e+15 1.1871e+15 5.76179e+15
 2.56e+06 1.27375e+16 5.58021e+15 1.35058e+15 6.55609e+15
 2.72e+06 1.43802e+16 6.30002e+15 1.52472e+15 7.40165e+15
 2.88e+06 1.61226e+16 7.0636e+15 1.70943e+15 8.29853e+15
 3.04e+06 1.79646e+16 7.87045e+15 1.90477e+15 9.24661e+15
 3.2e+06 1.99061e+16 8.72077e+15 2.11067e+15 1.02459e+16
 3.2e+06 1.98714e+16 8.71152e+15 2.1051e+15 1.02293e+16
 6.4e+06 7.95551e+16 3.48559e+16 8.43725e+15 4.09494e+16
 9.6e+06 1.79105e+17 7.85967e+16 1.89637e+16 9.22219e+16
 1.28e+07 3.18166e+17 1.39717e+17 3.38251e+16 1.63903e+17
 1.6e+07 4.95299e+17 2.18056e+17 5.31305e+16 2.55495e+17
 1.92e+07 7.10316e+17 3.13223e+17 7.66605e+16 3.66733e+17
 2.24e+07 9.6355e+17 4.25406e+17 1.04541e+17 4.97832e+17
 2.56e+07 1.25667e+18 5.55343e+17 1.36777e+17 6.49597e+17
 2.88e+07 1.59146e+18 7.02933e+17 1.72786e+17 8.22394e+17
 3.2e+07 1.96981e+18 8.69361e+17 2.12888e+17 1.01735e+18
 3.52e+07 2.39153e+18 1.0542e+18 2.57034e+17 1.23425e+18
 3.84e+07 2.85497e+18 1.25575e+18 3.04201e+17 1.47164e+18
 4.16e+07 3.35201e+18 1.47368e+18 3.55757e+17 1.72715e+18
 4.48e+07 3.88459e+18 1.70526e+18 4.12668e+17 2.00084e+18
 4.8e+07 4.45514e+18 1.95685e+18 4.71837e+17 2.29461e+18
