#NOTE: MSDs should be divided by the temperature.
#NOTE: MSDs have been divided by 2 or 10 (i.e., the viscosity computed from all components).
#Time	MSD_xx	MSD_yy	MSD_zz	MSD_xy	MSD_xz	MSD_yz	MSD_off	MSD_all	MSD_bulkvisc
 20 8.35387e+09 8.20678e+09 8.25297e+09 8.16057e+09 8.20507e+09 8.20815e+09 8.19126e+09 8.22324e+09 1.02702e+10
 40 2.65121e+10 2.59315e+10 2.61222e+10 2.57691e+10 2.59252e+10 2.59388e+10 2.58777e+10 2.60021e+10 3.6378e+10
 60 4.87507e+10 4.74899e+10 4.79222e+10 4.71814e+10 4.74956e+10 4.7517e+10 4.7398e+10 4.76605e+10 7.28541e+10
 80 7.34847e+10 7.13558e+10 7.21034e+10 7.08757e+10 7.13968e+10 7.1415e+10 7.12292e+10 7.16634e+10 1.1721e+11
 100 9.9262e+10 9.61329e+10 9.72411e+10 9.54486e+10 9.62089e+10 9.62213e+10 9.59596e+10 9.65939e+10 1.68874e+11
 120 1.25759e+11 1.21546e+11 1.23042e+11 1.20631e+11 1.21646e+11 1.21674e+11 1.21317e+11 1.2217e+11 2.27099e+11
 140 1.54277e+11 1.48946e+11 1.50828e+11 1.47765e+11 1.49052e+11 1.4912e+11 1.48646e+11 1.49728e+11 2.90237e+11
 160 1.85442e+11 1.79017e+11 1.81251e+11 1.77525e+11 1.79088e+11 1.79229e+11 1.78614e+11 1.7993e+11 3.56893e+11
 180 2.18982e+11 2.11523e+11 2.14059e+11 2.09679e+11 2.1151e+11 2.11758e+11 2.10982e+11 2.12531e+11 4.26863e+11
 200 2.54666e+11 2.46262e+11 2.49047e+11 2.44051e+11 2.46128e+11 2.4651e+11 2.45563e+11 2.47334e+11 5.00544e+11
 220 2.92345e+11 2.831e+11 2.86079e+11 2.80515e+11 2.82817e+11 2.8334e+11 2.82224e+11 2.84204e+11 5.77776e+11
 240 3.31793e+11 3.21843e+11 3.2494e+11 3.18877e+11 3.21372e+11 3.22037e+11 3.20762e+11 3.22934e+11 6.57786e+11
 260 3.7287e+11 3.6236e+11 3.65496e+11 3.59012e+11 3.61659e+11 3.62471e+11 3.61047e+11 3.63392e+11 7.40094e+11
 280 4.15469e+11 4.04564e+11 4.07656e+11 4.00828e+11 4.03585e+11 4.04548e+11 4.02987e+11 4.05484e+11 8.24904e+11
 300 4.5949e+11 4.48352e+11 4.51323e+11 4.44218e+11 4.47051e+11 4.48176e+11 4.46481e+11 4.49111e+11 9.12583e+11
 320 5.04893e+11 4.93657e+11 4.96446e+11 4.89118e+11 4.91994e+11 4.93311e+11 4.91474e+11 4.94217e+11 1.00307e+12
 340 5.5169e+11 5.40471e+11 5.43032e+11 5.35516e+11 5.38402e+11 5.39947e+11 5.37955e+11 5.40799e+11 1.09604e+12
 360 5.99923e+11 5.88818e+11 5.91111e+11 5.83442e+11 5.86309e+11 5.88104e+11 5.85952e+11 5.88885e+11 1.19137e+12
 380 6.49613e+11 6.38691e+11 6.40686e+11 6.32927e+11 6.35728e+11 6.378e+11 6.35485e+11 6.3849e+11 1.2893e+12
 400 7.0072e+11 6.90064e+11 6.91738e+11 6.83932e+11 6.86632e+11 6.88995e+11 6.8652e+11 6.89581e+11 1.39006e+12
 400 6.99934e+11 6.89999e+11 6.90401e+11 6.83553e+11 6.87455e+11 6.88927e+11 6.86645e+11 6.89365e+11 1.38795e+12
 800 1.98349e+12 1.98383e+12 1.97666e+12 1.96267e+12 1.96568e+12 1.9739e+12 1.96742e+12 1.97298e+12 3.95027e+12
 1200 3.6525e+12 3.66754e+12 3.65022e+12 3.62501e+12 3.62145e+12 3.6381e+12 3.62819e+12 3.63961e+12 7.32492e+12
 1600 5.59717e+12 5.6312e+12 5.60903e+12 5.56272e+12 5.54641e+12 5.57238e+12 5.5605e+12 5.58129e+12 1.13057e+13
 2000 7.75191e+12 7.80798e+12 7.78176e+12 7.70998e+12 7.67537e+12 7.70561e+12 7.69699e+12 7.73041e+12 1.57423e+13
 2400 1.00668e+13 1.01476e+13 1.01274e+13 1.0019e+13 9.96677e+12 9.99829e+12 9.99469e+12 1.00424e+13 2.05511e+13
 2800 1.25071e+13 1.26187e+13 1.26087e+13 1.24578e+13 1.23858e+13 1.24182e+13 1.24206e+13 1.24836e+13 2.56597e+13
 3200 1.50506e+13 1.5196e+13 1.52019e+13 1.5003e+13 1.49098e+13 1.49376e+13 1.49501e+13 1.50299e+13 3.10242e+13
 3600 1.76765e+13 1.78561e+13 1.78882e+13 1.76365e+13 1.75245e+13 1.75364e+13 1.75658e+13 1.76622e+13 3.66055e+13
 4000 2.03728e+13 2.05861e+13 2.06515e+13 2.03428e+13 2.02201e+13 2.02022e+13 2.0255e+13 2.03678e+13 4.23739e+13
 4400 2.31247e+13 2.33709e+13 2.34799e+13 2.311e+13 2.29869e+13 2.29198e+13 2.30056e+13 2.31334e+13 4.83104e+13
 4800 2.59267e+13 2.62035e+13 2.63641e+13 2.59239e+13 2.5811e+13 2.56819e+13 2.58056e+13 2.59493e+13 5.43888e+13
 5200 2.87665e+13 2.90749e+13 2.9299e+13 2.8778e+13 2.86844e+13 2.8483e+13 2.86484e+13 2.88078e+13 6.05792e+13
 5600 3.16401e+13 3.19808e+13 3.22812e+13 3.1671e+13 3.16031e+13 3.13152e+13 3.15298e+13 3.17048e+13 6.68782e+13
 6000 3.45497e+13 3.49156e+13 3.53054e+13 3.45956e+13 3.45641e+13 3.41784e+13 3.4446e+13 3.4637e+13 7.32778e+13
 6400 3.74918e+13 3.7879e+13 3.83669e+13 3.75535e+13 3.75626e+13 3.70687e+13 3.73949e+13 3.7602e+13 7.97837e+13
 6800 4.04669e+13 4.08637e+13 4.14614e+13 4.05438e+13 4.05838e+13 3.99813e+13 4.03696e+13 4.05941e+13 8.63858e+13
 7200 4.34694e+13 4.38711e+13 4.45861e+13 4.35611e+13 4.36295e+13 4.29152e+13 4.33686e+13 4.36114e+13 9.30649e+13
 7600 4.65042e+13 4.68995e+13 4.77343e+13 4.66027e+13 4.66945e+13 4.58683e+13 4.63885e+13 4.66515e+13 9.98212e+13
 8000 4.95715e+13 4.99452e+13 5.09031e+13 4.96713e+13 4.97781e+13 4.88423e+13 4.94306e+13 4.97143e+13 1.06649e+14
 8000 5.04983e+13 5.00626e+13 5.0616e+13 4.9651e+13 5.01916e+13 4.88472e+13 4.95633e+13 4.98949e+13 1.07462e+14
 16000 1.15706e+14 1.12503e+14 1.17929e+14 1.13999e+14 1.14988e+14 1.12463e+14 1.13817e+14 1.14442e+14 2.53495e+14
 24000 1.85513e+14 1.76351e+14 1.89391e+14 1.81149e+14 1.83557e+14 1.76179e+14 1.80295e+14 1.81678e+14 4.10612e+14
 32000 2.57864e+14 2.39037e+14 2.61311e+14 2.48659e+14 2.56207e+14 2.41497e+14 2.48788e+14 2.50368e+14 5.72707e+14
 40000 3.32241e+14 3.02092e+14 3.36403e+14 3.15825e+14 3.31076e+14 3.07035e+14 3.17979e+14 3.20219e+14 7.42643e+14
 48000 4.09503e+14 3.65614e+14 4.12637e+14 3.83936e+14 4.07832e+14 3.73655e+14 3.88474e+14 3.91452e+14 9.15053e+14
 56000 4.88056e+14 4.29416e+14 4.90175e+14 4.50395e+14 4.87629e+14 4.42139e+14 4.60054e+14 4.63719e+14 1.09157e+15
 64000 5.66331e+14 4.93591e+14 5.66764e+14 5.14519e+14 5.71201e+14 5.12794e+14 5.32838e+14 5.36594e+14 1.27496e+15
 72000 6.45167e+14 5.58559e+14 6.43339e+14 5.78564e+14 6.54298e+14 5.84604e+14 6.05822e+14 6.09768e+14 1.46613e+15
 80000 7.2542e+14 6.26012e+14 7.21477e+14 6.41906e+14 7.38248e+14 6.56852e+14 6.79002e+14 6.83789e+14 1.66048e+15
 88000 8.09225e+14 6.94041e+14 8.03359e+14 7.05931e+14 8.22473e+14 7.27452e+14 7.51952e+14 7.58721e+14 1.86251e+15
 96000 8.91775e+14 7.6123e+14 8.8847e+14 7.70334e+14 9.08809e+14 7.99732e+14 8.26292e+14 8.34638e+14 2.0685e+15
 104000 9.77188e+14 8.2911e+14 9.75443e+14 8.36373e+14 9.95552e+14 8.73415e+14 9.0178e+14 9.11967e+14 2.27679e+15
 112000 1.06465e+15 8.98858e+14 1.06398e+15 9.0342e+14 1.08286e+15 9.46403e+14 9.77559e+14 9.902e+14 2.48628e+15
 120000 1.15423e+15 9.70331e+14 1.15351e+15 9.71376e+14 1.17212e+15 1.01965e+15 1.05438e+15 1.0697e+15 2.70136e+15
 128000 1.24422e+15 1.04124e+15 1.24495e+15 1.03905e+15 1.2596e+15 1.09272e+15 1.13046e+15 1.14899e+15 2.92166e+15
 136000 1.33499e+15 1.11315e+15 1.33664e+15 1.1085e+15 1.34858e+15 1.16792e+15 1.20834e+15 1.22964e+15 3.14762e+15
 144000 1.42756e+15 1.1868e+15 1.43005e+15 1.17873e+15 1.43772e+15 1.24312e+15 1.28652e+15 1.31117e+15 3.37465e+15
 152000 1.52165e+15 1.26046e+15 1.52617e+15 1.24969e+15 1.52874e+15 1.31819e+15 1.36554e+15 1.39376e+15 3.60367e+15
 160000 1.61531e+15 1.33457e+15 1.62517e+15 1.32361e+15 1.62101e+15 1.39268e+15 1.44576e+15 1.47747e+15 3.83344e+15
 160000 1.72917e+15 1.40726e+15 1.66265e+15 1.37045e+15 1.6703e+15 1.34365e+15 1.46147e+15 1.51676e+15 3.66632e+15
 320000 4.06324e+15 2.97632e+15 3.88518e+15 2.75057e+15 3.45562e+15 2.80659e+15 3.00426e+15 3.25919e+15 8.53275e+15
 480000 6.61884e+15 4.64812e+15 6.21358e+15 4.15315e+15 5.27361e+15 4.19088e+15 4.53921e+15 5.05427e+15 1.39269e+16
 640000 9.62769e+15 6.19647e+15 8.20414e+15 5.95978e+15 7.19984e+15 5.56265e+15 6.24075e+15 6.94823e+15 2.007e+16
 800000 1.301e+16 7.8614e+15 1.05395e+16 7.76449e+15 9.07265e+15 6.98202e+15 7.93972e+15 8.95196e+15 2.59895e+16
 960000 1.70178e+16 9.43084e+15 1.32517e+16 9.74951e+15 1.07529e+16 8.53843e+15 9.68027e+15 1.11015e+16 3.17246e+16
 1.12e+06 2.12568e+16 1.10089e+16 1.60172e+16 1.1908e+16 1.2086e+16 1.03154e+16 1.14365e+16 1.32996e+16 3.80628e+16
 1.28e+06 2.58844e+16 1.26272e+16 1.86387e+16 1.38916e+16 1.31224e+16 1.21253e+16 1.30465e+16 1.54479e+16 4.45784e+16
 1.44e+06 3.1046e+16 1.43784e+16 2.16034e+16 1.57674e+16 1.43689e+16 1.38784e+16 1.46716e+16 1.774e+16 5.18829e+16
 1.6e+06 3.66892e+16 1.61802e+16 2.50997e+16 1.77354e+16 1.59753e+16 1.57718e+16 1.64942e+16 2.02924e+16 5.99545e+16
 1.76e+06 4.2513e+16 1.80732e+16 2.86171e+16 1.9546e+16 1.77436e+16 1.76463e+16 1.8312e+16 2.28809e+16 6.82104e+16
 1.92e+06 4.89409e+16 2.02801e+16 3.23825e+16 2.13873e+16 1.97756e+16 1.93073e+16 2.01567e+16 2.56412e+16 7.61378e+16
 2.08e+06 5.53352e+16 2.26755e+16 3.62313e+16 2.34581e+16 2.25293e+16 2.07018e+16 2.22297e+16 2.85701e+16 8.39386e+16
 2.24e+06 6.18065e+16 2.51879e+16 4.03529e+16 2.54104e+16 2.52776e+16 2.21553e+16 2.42811e+16 3.15483e+16 9.13491e+16
 2.4e+06 6.85241e+16 2.77573e+16 4.43279e+16 2.76426e+16 2.81242e+16 2.37873e+16 2.6518e+16 3.46587e+16 9.91115e+16
 2.56e+06 7.55174e+16 3.0264e+16 4.80197e+16 2.97786e+16 3.12879e+16 2.52766e+16 2.8781e+16 3.77754e+16 1.07181e+17
 2.72e+06 8.28195e+16 3.26143e+16 5.16912e+16 3.17933e+16 3.44176e+16 2.67523e+16 3.09877e+16 4.0876e+16 1.15347e+17
 2.88e+06 9.0344e+16 3.51454e+16 5.51382e+16 3.37149e+16 3.75058e+16 2.81109e+16 3.31105e+16 4.395e+16 1.24063e+17
 3.04e+06 9.81822e+16 3.75874e+16 5.81007e+16 3.52405e+16 4.07335e+16 2.97104e+16 3.52281e+16 4.69863e+16 1.33433e+17
 3.2e+06 1.06239e+17 4.0231e+16 6.08484e+16 3.63492e+16 4.4178e+16 3.08625e+16 3.71299e+16 4.99204e+16 1.42884e+17
 3.2e+06 1.06052e+17 3.99652e+16 5.86315e+16 3.33388e+16 4.31484e+16 3.63681e+16 3.76184e+16 4.98575e+16 1.40679e+17
 6.4e+06 3.21272e+17 1.07344e+17 1.00179e+17 7.36551e+16 1.34663e+17 3.52504e+16 8.11896e+16 1.1922e+17 3.65291e+17
 9.6e+06 6.66318e+17 2.33698e+17 1.91972e+17 8.14368e+16 2.64516e+17 6.36926e+16 1.36548e+17 2.27527e+17 7.34283e+17
 1.28e+07 1.04208e+18 3.82053e+17 2.41419e+17 7.84693e+16 4.21688e+17 5.43629e+16 1.8484e+17 3.32977e+17 1.15172e+18
 1.6e+07 1.43853e+18 5.56198e+17 3.05318e+17 7.48279e+16 6.21508e+17 8.11294e+16 2.59155e+17 4.62165e+17 1.46397e+18
 1.92e+07 1.79503e+18 6.92731e+17 3.59295e+17 6.28115e+16 8.05074e+17 9.11993e+16 3.19695e+17 5.71425e+17 1.71392e+18
 2.24e+07 1.91246e+18 7.73693e+17 3.20076e+17 4.88762e+16 9.54914e+17 9.62421e+16 3.66677e+17 6.20837e+17 1.55969e+18
 2.56e+07 2.13132e+18 8.68196e+17 3.22354e+17 2.21324e+16 1.02004e+18 9.05076e+16 3.77559e+17 6.69452e+17 1.39937e+18
 2.88e+07 2.24889e+18 9.37797e+17 3.16107e+17 2.72085e+16 1.004e+18 5.54699e+16 3.62226e+17 6.84375e+17 1.19808e+18
 3.2e+07 2.52054e+18 8.80462e+17 4.57918e+17 8.91889e+16 1.1043e+18 1.90068e+16 4.04165e+17 7.57021e+17 6.32022e+17
 3.52e+07 2.77616e+18 9.33337e+17 5.04179e+17 8.38714e+16 1.26959e+18 1.46311e+16 4.5603e+17 8.35441e+17 4.23659e+17
 3.84e+07 3.18072e+18 8.64274e+17 7.43785e+17 4.6268e+16 1.39492e+18 3.40485e+16 4.91746e+17 9.33551e+17 1.13946e+17
 4.16e+07 3.72387e+18 9.22131e+17 9.73627e+17 2.08345e+16 1.44985e+18 2.52125e+16 4.98633e+17 1.04846e+18 1.21458e+17
 4.48e+07 4.61446e+18 8.69346e+17 1.47804e+18 1.36738e+16 1.71346e+18 6.64457e+15 5.77926e+17 1.275e+18 1.15012e+17
 4.8e+07 6.07782e+18 1.17482e+18 1.90836e+18 3.53016e+16 1.85518e+18 5.31078e+15 6.3193e+17 1.60062e+18 4.20978e+12
