#NOTE: MSDs should be divided by the temperature.
#NOTE: MSDs have been divided by 2 or 10 (i.e., the viscosity computed from all components).
#Time	MSD_xx	MSD_yy	MSD_zz	MSD_xy	MSD_xz	MSD_yz	MSD_off	MSD_all	MSD_bulkvisc
 20 8.34806e+09 8.21124e+09 8.24688e+09 8.16018e+09 8.20937e+09 8.20172e+09 8.19042e+09 8.22174e+09 1.02697e+10
 40 2.64877e+10 2.59467e+10 2.60989e+10 2.57683e+10 2.59384e+10 2.59134e+10 2.58734e+10 2.59951e+10 3.63759e+10
 60 4.86943e+10 4.75207e+10 4.78726e+10 4.71843e+10 4.75196e+10 4.74603e+10 4.73881e+10 4.76445e+10 7.28507e+10
 80 7.33877e+10 7.14057e+10 7.20198e+10 7.08886e+10 7.14352e+10 7.13133e+10 7.12124e+10 7.16359e+10 1.17203e+11
 100 9.91217e+10 9.6209e+10 9.71207e+10 9.54797e+10 9.62664e+10 9.60637e+10 9.59366e+10 9.65555e+10 1.68859e+11
 120 1.25578e+11 1.21659e+11 1.22885e+11 1.20691e+11 1.21726e+11 1.2145e+11 1.21289e+11 1.22123e+11 2.27066e+11
 140 1.54059e+11 1.49105e+11 1.50635e+11 1.47863e+11 1.49159e+11 1.48824e+11 1.48616e+11 1.49676e+11 2.90179e+11
 160 1.85196e+11 1.79228e+11 1.81021e+11 1.77667e+11 1.7923e+11 1.78855e+11 1.78584e+11 1.79876e+11 3.56806e+11
 180 2.18713e+11 2.11789e+11 2.13791e+11 2.09872e+11 2.11691e+11 2.113e+11 2.10954e+11 2.12478e+11 4.26741e+11
 200 2.54382e+11 2.46582e+11 2.48738e+11 2.44301e+11 2.4635e+11 2.45963e+11 2.45538e+11 2.47283e+11 5.00379e+11
 220 2.92057e+11 2.83473e+11 2.85727e+11 2.80826e+11 2.83078e+11 2.82699e+11 2.82201e+11 2.84155e+11 5.77561e+11
 240 3.3151e+11 3.22271e+11 3.24544e+11 3.19253e+11 3.21669e+11 3.21299e+11 3.2074e+11 3.22888e+11 6.57513e+11
 260 3.72603e+11 3.62848e+11 3.65058e+11 3.5946e+11 3.61988e+11 3.61634e+11 3.61027e+11 3.63351e+11 7.39757e+11
 280 4.15226e+11 4.05115e+11 4.07178e+11 4.01354e+11 4.0394e+11 4.03615e+11 4.02969e+11 4.05451e+11 8.245e+11
 300 4.59277e+11 4.48968e+11 4.50807e+11 4.44826e+11 4.47427e+11 4.47149e+11 4.46467e+11 4.49087e+11 9.12107e+11
 320 5.04715e+11 4.94336e+11 4.95891e+11 4.89814e+11 4.92387e+11 4.92197e+11 4.91466e+11 4.94205e+11 1.00252e+12
 340 5.51555e+11 5.41213e+11 5.42437e+11 5.36308e+11 5.38815e+11 5.38751e+11 5.37958e+11 5.40802e+11 1.0954e+12
 360 5.99837e+11 5.89623e+11 5.90476e+11 5.84335e+11 5.86745e+11 5.86825e+11 5.85968e+11 5.88906e+11 1.19065e+12
 380 6.4958e+11 6.39559e+11 6.40013e+11 6.33925e+11 6.36186e+11 6.36433e+11 6.35514e+11 6.38529e+11 1.28849e+12
 400 7.00749e+11 6.9099e+11 6.91025e+11 6.8504e+11 6.87104e+11 6.87532e+11 6.86559e+11 6.89637e+11 1.38917e+12
 400 6.99664e+11 6.90833e+11 6.89928e+11 6.85002e+11 6.88193e+11 6.87653e+11 6.86949e+11 6.8956e+11 1.38781e+12
 800 1.98586e+12 1.98626e+12 1.97499e+12 1.9675e+12 1.96644e+12 1.97017e+12 1.96804e+12 1.97377e+12 3.94761e+12
 1200 3.65834e+12 3.67407e+12 3.64689e+12 3.6336e+12 3.62345e+12 3.62915e+12 3.62873e+12 3.64115e+12 7.31702e+12
 1600 5.60738e+12 5.64379e+12 5.60097e+12 5.5759e+12 5.55034e+12 5.55448e+12 5.56024e+12 5.5831e+12 1.12901e+13
 2000 7.76709e+12 7.82725e+12 7.76613e+12 7.7294e+12 7.68195e+12 7.67577e+12 7.69571e+12 7.73215e+12 1.5715e+13
 2400 1.00862e+13 1.01746e+13 1.01006e+13 1.00464e+13 9.97777e+12 9.95498e+12 9.99306e+12 1.0044e+13 2.05109e+13
 2800 1.25318e+13 1.26548e+13 1.25682e+13 1.24947e+13 1.24027e+13 1.23607e+13 1.24194e+13 1.24856e+13 2.56067e+13
 3200 1.50805e+13 1.52423e+13 1.51473e+13 1.50512e+13 1.49341e+13 1.48634e+13 1.49496e+13 1.50324e+13 3.0959e+13
 3600 1.77133e+13 1.79147e+13 1.78195e+13 1.76973e+13 1.7557e+13 1.74428e+13 1.75657e+13 1.76658e+13 3.65281e+13
 4000 2.04166e+13 2.0658e+13 2.0568e+13 2.04162e+13 2.02611e+13 2.00872e+13 2.02548e+13 2.03719e+13 4.22853e+13
 4400 2.31775e+13 2.34573e+13 2.33823e+13 2.31956e+13 2.3036e+13 2.27805e+13 2.3004e+13 2.3138e+13 4.82091e+13
 4800 2.59899e+13 2.6306e+13 2.62527e+13 2.60215e+13 2.58692e+13 2.55157e+13 2.58021e+13 2.59544e+13 5.42746e+13
 5200 2.88426e+13 2.9195e+13 2.91746e+13 2.88876e+13 2.8751e+13 2.82884e+13 2.86424e+13 2.88137e+13 6.04486e+13
 5600 3.17306e+13 3.21212e+13 3.21441e+13 3.17932e+13 3.16778e+13 3.10912e+13 3.15207e+13 3.17119e+13 6.67265e+13
 6000 3.46536e+13 3.50789e+13 3.51554e+13 3.47324e+13 3.46481e+13 3.39231e+13 3.44345e+13 3.46458e+13 7.31009e+13
 6400 3.76105e+13 3.80654e+13 3.82042e+13 3.77072e+13 3.76571e+13 3.6781e+13 3.73817e+13 3.76131e+13 7.9581e+13
 6800 4.0601e+13 4.10736e+13 4.12856e+13 4.07161e+13 4.06879e+13 3.96621e+13 4.03554e+13 4.06079e+13 8.61566e+13
 7200 4.36191e+13 4.41042e+13 4.43967e+13 4.37535e+13 4.3743e+13 4.2564e+13 4.33535e+13 4.36281e+13 9.2809e+13
 7600 4.6671e+13 4.71568e+13 4.75318e+13 4.6816e+13 4.68162e+13 4.54848e+13 4.63723e+13 4.66713e+13 9.95397e+13
 8000 4.97557e+13 5.02265e+13 5.06879e+13 4.99069e+13 4.991e+13 4.84268e+13 4.94146e+13 4.97381e+13 1.06339e+14
 8000 5.05418e+13 5.04688e+13 5.00415e+13 4.9865e+13 5.03723e+13 4.84926e+13 4.95766e+13 4.98863e+13 1.07702e+14
 16000 1.16335e+14 1.13562e+14 1.17844e+14 1.14504e+14 1.15803e+14 1.11137e+14 1.13815e+14 1.14654e+14 2.525e+14
 24000 1.86378e+14 1.78126e+14 1.90864e+14 1.81924e+14 1.85092e+14 1.73888e+14 1.80301e+14 1.8223e+14 4.08685e+14
 32000 2.58282e+14 2.41569e+14 2.63877e+14 2.49771e+14 2.59289e+14 2.3875e+14 2.4927e+14 2.51393e+14 5.69928e+14
 40000 3.32839e+14 3.05488e+14 3.40377e+14 3.17046e+14 3.35327e+14 3.04156e+14 3.18843e+14 3.218e+14 7.39325e+14
 48000 4.09736e+14 3.69761e+14 4.18104e+14 3.84656e+14 4.13747e+14 3.70686e+14 3.89696e+14 3.93498e+14 9.12146e+14
 56000 4.88806e+14 4.34736e+14 4.97647e+14 4.49707e+14 4.96261e+14 4.39773e+14 4.61914e+14 4.6664e+14 1.08961e+15
 64000 5.68106e+14 5.00266e+14 5.76708e+14 5.12081e+14 5.83258e+14 5.11248e+14 5.35529e+14 5.40661e+14 1.27491e+15
 72000 6.4814e+14 5.66703e+14 6.56011e+14 5.74283e+14 6.70633e+14 5.83794e+14 6.0957e+14 6.15189e+14 1.46933e+15
 80000 7.29743e+14 6.35872e+14 7.37078e+14 6.36001e+14 7.59224e+14 6.56615e+14 6.83947e+14 6.90727e+14 1.66854e+15
 88000 8.14947e+14 7.06302e+14 8.22371e+14 6.98653e+14 8.48965e+14 7.27515e+14 7.58378e+14 7.67509e+14 1.87407e+15
 96000 8.98208e+14 7.74772e+14 9.10656e+14 7.61789e+14 9.41112e+14 8.00123e+14 8.34341e+14 8.4509e+14 2.08218e+15
 104000 9.84079e+14 8.43893e+14 1.00028e+15 8.26596e+14 1.03409e+15 8.73815e+14 9.115e+14 9.24001e+14 2.29299e+15
 112000 1.07142e+15 9.14708e+14 1.09155e+15 8.92771e+14 1.12777e+15 9.48197e+14 9.89578e+14 1.0041e+15 2.50515e+15
 120000 1.16087e+15 9.87681e+14 1.18369e+15 9.59877e+14 1.22346e+15 1.02375e+15 1.06903e+15 1.08572e+15 2.72437e+15
 128000 1.24999e+15 1.06013e+15 1.27786e+15 1.02637e+15 1.31738e+15 1.09915e+15 1.14763e+15 1.16698e+15 2.94927e+15
 136000 1.34e+15 1.13345e+15 1.3733e+15 1.09482e+15 1.413e+15 1.1762e+15 1.22801e+15 1.2497e+15 3.18068e+15
 144000 1.43279e+15 1.20925e+15 1.47089e+15 1.16383e+15 1.50874e+15 1.25272e+15 1.30843e+15 1.33345e+15 3.41349e+15
 152000 1.52692e+15 1.2847e+15 1.57061e+15 1.2333e+15 1.60658e+15 1.32899e+15 1.38962e+15 1.41807e+15 3.64973e+15
 160000 1.6207e+15 1.36084e+15 1.67372e+15 1.30586e+15 1.70508e+15 1.40475e+15 1.4719e+15 1.50384e+15 3.88657e+15
 160000 1.75532e+15 1.44147e+15 1.72887e+15 1.34578e+15 1.7735e+15 1.39531e+15 1.50487e+15 1.55967e+15 3.77216e+15
 320000 4.06912e+15 3.02884e+15 4.00169e+15 2.69386e+15 3.63622e+15 2.9109e+15 3.08033e+15 3.32815e+15 8.68604e+15
 480000 6.56544e+15 4.7162e+15 6.39462e+15 4.05923e+15 5.54137e+15 4.31905e+15 4.63989e+15 5.14077e+15 1.41135e+16
 640000 9.57241e+15 6.3146e+15 8.4557e+15 5.80475e+15 7.5373e+15 5.74827e+15 6.36344e+15 7.06376e+15 2.0262e+16
 800000 1.2918e+16 8.08163e+15 1.09616e+16 7.41364e+15 9.51425e+15 7.23982e+15 8.0559e+15 9.09504e+15 2.61199e+16
 960000 1.67699e+16 9.69335e+15 1.38498e+16 9.18998e+15 1.12903e+16 8.90708e+15 9.79579e+15 1.12526e+16 3.17049e+16
 1.12e+06 2.08175e+16 1.12696e+16 1.67638e+16 1.10968e+16 1.26818e+16 1.08179e+16 1.15322e+16 1.34328e+16 3.78263e+16
 1.28e+06 2.5156e+16 1.27902e+16 1.9463e+16 1.27339e+16 1.36639e+16 1.27834e+16 1.30604e+16 1.54908e+16 4.41548e+16
 1.44e+06 3.01268e+16 1.44639e+16 2.25187e+16 1.44103e+16 1.48969e+16 1.46423e+16 1.46498e+16 1.77378e+16 5.13634e+16
 1.6e+06 3.55445e+16 1.62161e+16 2.61438e+16 1.61015e+16 1.65341e+16 1.66952e+16 1.64436e+16 2.02534e+16 5.94091e+16
 1.76e+06 4.11552e+16 1.80829e+16 2.98e+16 1.75071e+16 1.83697e+16 1.87305e+16 1.82024e+16 2.27932e+16 6.75938e+16
 1.92e+06 4.73928e+16 2.03058e+16 3.37518e+16 1.89367e+16 2.0515e+16 2.05327e+16 1.99948e+16 2.55236e+16 7.54445e+16
 2.08e+06 5.35877e+16 2.27404e+16 3.78681e+16 2.06639e+16 2.34524e+16 2.20663e+16 2.20609e+16 2.84627e+16 8.33541e+16
 2.24e+06 5.99196e+16 2.53182e+16 4.22443e+16 2.22938e+16 2.63395e+16 2.36652e+16 2.40995e+16 3.14573e+16 9.0932e+16
 2.4e+06 6.64298e+16 2.79565e+16 4.63734e+16 2.42624e+16 2.93332e+16 2.54167e+16 2.63374e+16 3.45704e+16 9.90634e+16
 2.56e+06 7.32165e+16 3.05323e+16 5.00891e+16 2.61544e+16 3.25913e+16 2.70315e+16 2.85924e+16 3.76672e+16 1.0749e+17
 2.72e+06 8.01157e+16 3.29365e+16 5.35913e+16 2.78751e+16 3.57223e+16 2.86167e+16 3.0738e+16 4.0662e+16 1.16045e+17
 2.88e+06 8.7146e+16 3.553e+16 5.67551e+16 2.9507e+16 3.87123e+16 3.01084e+16 3.27759e+16 4.35897e+16 1.25166e+17
 3.04e+06 9.45229e+16 3.80447e+16 5.94338e+16 3.08938e+16 4.1868e+16 3.18324e+16 3.48647e+16 4.6519e+16 1.34967e+17
 3.2e+06 1.02157e+17 4.0796e+16 6.19529e+16 3.19007e+16 4.5085e+16 3.30571e+16 3.6681e+16 4.93294e+16 1.44812e+17
 3.2e+06 1.05736e+17 4.31627e+16 6.18826e+16 3.12239e+16 4.6608e+16 4.06822e+16 3.95047e+16 5.1807e+16 1.51843e+17
 6.4e+06 2.47548e+17 1.06017e+17 6.92299e+16 7.13459e+16 1.2361e+17 3.49205e+16 7.66254e+16 1.02348e+17 3.91519e+17
 9.6e+06 4.41206e+17 2.1977e+17 1.03737e+17 8.28615e+16 2.20785e+17 6.90044e+16 1.24217e+17 1.76492e+17 6.93217e+17
 1.28e+07 6.51798e+17 3.19518e+17 1.24644e+17 8.72993e+16 3.21792e+17 6.08694e+16 1.56653e+17 2.4012e+17 9.70236e+17
 1.6e+07 6.77165e+17 3.89249e+17 1.22361e+17 8.9385e+16 4.4082e+17 8.92242e+16 2.06476e+17 2.82389e+17 9.43566e+17
 1.92e+07 7.86908e+17 4.61868e+17 1.21213e+17 7.47174e+16 5.06038e+17 7.26308e+16 2.17795e+17 3.13342e+17 9.71669e+17
 2.24e+07 8.34965e+17 5.01412e+17 8.42182e+16 4.86119e+16 4.62993e+17 7.43728e+16 1.95326e+17 3.06608e+17 1.03516e+18
 2.56e+07 9.1893e+17 4.59032e+17 1.1429e+17 6.93535e+15 4.65858e+17 8.44071e+16 1.85734e+17 3.10407e+17 1.07162e+18
 2.88e+07 9.21653e+17 4.74011e+17 1.04754e+17 1.81904e+16 5.37848e+17 3.78519e+16 1.97963e+17 3.18834e+17 9.82483e+17
 3.2e+07 1.04154e+18 3.71626e+17 2.16448e+17 7.52557e+16 6.07737e+17 2.81643e+16 2.37052e+17 3.59513e+17 4.25399e+17
 3.52e+07 1.11983e+18 3.96303e+17 1.94328e+17 7.05438e+16 5.70122e+17 2.39881e+16 2.21551e+17 3.60992e+17 3.20599e+17
 3.84e+07 1.73e+18 3.64401e+17 5.07853e+17 3.36422e+16 8.22097e+17 6.04065e+16 3.05382e+17 5.30197e+17 1.00085e+17
 4.16e+07 3.27131e+18 6.62054e+17 9.90046e+17 2.93748e+16 1.2135e+18 5.32927e+16 4.32055e+17 9.15688e+17 6.63695e+14
