#NOTE: MSDs should be divided by the temperature.
#NOTE: MSDs have been divided by 2 or 10 (i.e., the viscosity computed from all components).
#Time	MSD_xx	MSD_yy	MSD_zz	MSD_xy	MSD_xz	MSD_yz	MSD_off	MSD_all	MSD_bulkvisc
 20 8.30312e+09 8.21363e+09 8.17e+09 8.18821e+09 8.17968e+09 8.17738e+09 8.18176e+09 8.20062e+09 1.02645e+10
 40 2.63043e+10 2.59495e+10 2.5794e+10 2.5847e+10 2.58263e+10 2.58106e+10 2.58279e+10 2.59032e+10 3.63566e+10
 60 4.8299e+10 4.7518e+10 4.72177e+10 4.73009e+10 4.72707e+10 4.72369e+10 4.72695e+10 4.7433e+10 7.28118e+10
 80 7.27101e+10 7.13801e+10 7.09225e+10 7.10213e+10 7.09942e+10 7.09393e+10 7.09849e+10 7.12593e+10 1.17133e+11
 100 9.81041e+10 9.61206e+10 9.55013e+10 9.56004e+10 9.55987e+10 9.55258e+10 9.5575e+10 9.59751e+10 1.68738e+11
 120 1.24201e+11 1.21478e+11 1.20679e+11 1.20782e+11 1.20813e+11 1.20739e+11 1.20778e+11 1.21315e+11 2.26875e+11
 140 1.52328e+11 1.48805e+11 1.47799e+11 1.47931e+11 1.47991e+11 1.47927e+11 1.4795e+11 1.48627e+11 2.89899e+11
 160 1.83138e+11 1.78777e+11 1.77533e+11 1.77721e+11 1.77813e+11 1.77753e+11 1.77762e+11 1.78584e+11 3.56423e+11
 180 2.16375e+11 2.11164e+11 2.09637e+11 2.09911e+11 2.1004e+11 2.09964e+11 2.09972e+11 2.1094e+11 4.26236e+11
 200 2.51828e+11 2.45774e+11 2.43898e+11 2.44311e+11 2.44481e+11 2.44365e+11 2.44386e+11 2.45498e+11 4.99721e+11
 220 2.89351e+11 2.82479e+11 2.80173e+11 2.8079e+11 2.81016e+11 2.80825e+11 2.80877e+11 2.82127e+11 5.76719e+11
 240 3.28749e+11 3.21092e+11 3.18276e+11 3.19147e+11 3.19448e+11 3.19158e+11 3.19251e+11 3.20633e+11 6.56465e+11
 260 3.69899e+11 3.61487e+11 3.58097e+11 3.59262e+11 3.59642e+11 3.59254e+11 3.59386e+11 3.60896e+11 7.3847e+11
 280 4.12704e+11 4.0357e+11 3.99551e+11 4.01027e+11 4.01494e+11 4.0102e+11 4.0118e+11 4.02818e+11 8.22919e+11
 300 4.5705e+11 4.47238e+11 4.42526e+11 4.44318e+11 4.44904e+11 4.44349e+11 4.44523e+11 4.46289e+11 9.10187e+11
 320 5.02857e+11 4.92418e+11 4.86954e+11 4.89085e+11 4.89834e+11 4.89184e+11 4.89368e+11 4.91251e+11 1.00023e+12
 340 5.50122e+11 5.39096e+11 5.32821e+11 5.35322e+11 5.36283e+11 5.35514e+11 5.35706e+11 5.37696e+11 1.0927e+12
 360 5.98888e+11 5.87285e+11 5.80168e+11 5.8305e+11 5.84272e+11 5.8335e+11 5.83557e+11 5.85647e+11 1.18749e+12
 380 6.49166e+11 6.37004e+11 6.29025e+11 6.32295e+11 6.33806e+11 6.3269e+11 6.32931e+11 6.35118e+11 1.28482e+12
 400 7.00933e+11 6.88237e+11 6.79369e+11 6.83021e+11 6.84857e+11 6.83498e+11 6.83792e+11 6.8608e+11 1.3849e+12
 400 7.00574e+11 6.87305e+11 6.80185e+11 6.83714e+11 6.83905e+11 6.82869e+11 6.83496e+11 6.85839e+11 1.38571e+12
 800 2.00099e+12 1.97065e+12 1.94334e+12 1.95468e+12 1.96445e+12 1.9566e+12 1.95858e+12 1.96381e+12 3.92277e+12
 1200 3.69012e+12 3.63283e+12 3.5771e+12 3.59495e+12 3.62993e+12 3.60491e+12 3.60993e+12 3.6193e+12 7.24709e+12
 1600 5.65824e+12 5.56583e+12 5.48058e+12 5.49428e+12 5.56539e+12 5.52077e+12 5.52681e+12 5.54338e+12 1.11395e+13
 2000 7.83448e+12 7.70185e+12 7.58354e+12 7.58952e+12 7.70236e+12 7.64461e+12 7.6455e+12 7.66995e+12 1.54645e+13
 2400 1.01772e+13 1.00014e+13 9.84051e+12 9.83843e+12 9.99714e+12 9.93146e+12 9.92234e+12 9.95595e+12 2.01268e+13
 2800 1.26481e+13 1.24293e+13 1.22176e+13 1.22099e+13 1.242e+13 1.23436e+13 1.23245e+13 1.23674e+13 2.50637e+13
 3200 1.52296e+13 1.4956e+13 1.46946e+13 1.46852e+13 1.49463e+13 1.48635e+13 1.48317e+13 1.4883e+13 3.02389e+13
 3600 1.79032e+13 1.75652e+13 1.72474e+13 1.72441e+13 1.75565e+13 1.74771e+13 1.74259e+13 1.74843e+13 3.56022e+13
 4000 2.06495e+13 2.02347e+13 1.98626e+13 1.98701e+13 2.02389e+13 2.01701e+13 2.0093e+13 2.01554e+13 4.11371e+13
 4400 2.34567e+13 2.29596e+13 2.25372e+13 2.25501e+13 2.29832e+13 2.2927e+13 2.28201e+13 2.28859e+13 4.68157e+13
 4800 2.63203e+13 2.57394e+13 2.52573e+13 2.52731e+13 2.57852e+13 2.57376e+13 2.55986e+13 2.56681e+13 5.26203e+13
 5200 2.92304e+13 2.856e+13 2.80187e+13 2.80312e+13 2.86337e+13 2.85946e+13 2.84198e+13 2.84931e+13 5.85389e+13
 5600 3.21828e+13 3.14094e+13 3.08146e+13 3.08231e+13 3.15219e+13 3.14891e+13 3.1278e+13 3.13544e+13 6.45414e+13
 6000 3.51713e+13 3.4284e+13 3.36391e+13 3.36473e+13 3.44474e+13 3.44197e+13 3.41715e+13 3.42488e+13 7.06173e+13
 6400 3.81915e+13 3.71861e+13 3.6492e+13 3.65012e+13 3.74061e+13 3.73802e+13 3.70958e+13 3.71734e+13 7.67564e+13
 6800 4.12448e+13 4.01121e+13 3.9374e+13 3.93763e+13 4.03957e+13 4.03649e+13 4.00456e+13 4.01248e+13 8.29623e+13
 7200 4.43263e+13 4.30548e+13 4.22829e+13 4.22708e+13 4.3415e+13 4.33723e+13 4.30193e+13 4.31001e+13 8.92288e+13
 7600 4.74392e+13 4.60175e+13 4.52156e+13 4.51838e+13 4.64586e+13 4.64076e+13 4.60167e+13 4.60996e+13 9.55515e+13
 8000 5.05801e+13 4.89904e+13 4.81755e+13 4.81146e+13 4.95219e+13 4.94708e+13 4.90358e+13 4.91209e+13 1.01925e+14
 8000 5.01387e+13 4.89031e+13 4.77122e+13 4.84901e+13 4.94086e+13 4.94033e+13 4.91007e+13 4.90276e+13 1.03292e+14
 16000 1.17965e+14 1.09811e+14 1.10426e+14 1.09684e+14 1.1292e+14 1.13737e+14 1.12114e+14 1.12362e+14 2.37474e+14
 24000 1.88732e+14 1.74008e+14 1.75695e+14 1.73978e+14 1.79183e+14 1.80666e+14 1.77943e+14 1.78557e+14 3.82744e+14
 32000 2.59764e+14 2.39136e+14 2.41669e+14 2.40738e+14 2.48392e+14 2.50595e+14 2.46575e+14 2.46688e+14 5.36465e+14
 40000 3.31052e+14 3.05372e+14 3.07408e+14 3.08616e+14 3.1907e+14 3.24218e+14 3.17301e+14 3.16225e+14 6.97517e+14
 48000 4.05063e+14 3.73936e+14 3.75279e+14 3.75602e+14 3.90405e+14 3.96999e+14 3.87668e+14 3.86505e+14 8.62732e+14
 56000 4.7983e+14 4.43566e+14 4.43662e+14 4.41917e+14 4.62901e+14 4.69881e+14 4.58233e+14 4.57214e+14 1.03399e+15
 64000 5.55556e+14 5.15892e+14 5.12842e+14 5.09068e+14 5.3445e+14 5.4212e+14 5.28546e+14 5.28366e+14 1.20893e+15
 72000 6.28757e+14 5.88694e+14 5.80504e+14 5.77214e+14 6.04946e+14 6.14533e+14 5.98898e+14 5.99066e+14 1.38645e+15
 80000 7.04144e+14 6.62308e+14 6.49691e+14 6.46751e+14 6.7903e+14 6.86687e+14 6.70823e+14 6.71313e+14 1.57259e+15
 88000 7.82268e+14 7.37163e+14 7.18981e+14 7.16096e+14 7.57403e+14 7.59905e+14 7.44468e+14 7.45136e+14 1.76309e+15
 96000 8.60239e+14 8.13873e+14 7.88922e+14 7.85157e+14 8.35327e+14 8.33522e+14 8.18002e+14 8.19206e+14 1.96177e+15
 104000 9.38737e+14 8.9092e+14 8.616e+14 8.53512e+14 9.12702e+14 9.06006e+14 8.9074e+14 8.93279e+14 2.16851e+15
 112000 1.01947e+15 9.69458e+14 9.36565e+14 9.24018e+14 9.90656e+14 9.78249e+14 9.64307e+14 9.6865e+14 2.37979e+15
 120000 1.10036e+15 1.0475e+15 1.0128e+15 9.96949e+14 1.06815e+15 1.04998e+15 1.03836e+15 1.04444e+15 2.59571e+15
 128000 1.18221e+15 1.12645e+15 1.08948e+15 1.0702e+15 1.14538e+15 1.12307e+15 1.11288e+15 1.12082e+15 2.81406e+15
 136000 1.26527e+15 1.20446e+15 1.16474e+15 1.14688e+15 1.22478e+15 1.19546e+15 1.18904e+15 1.19802e+15 3.03956e+15
 144000 1.3504e+15 1.28142e+15 1.23918e+15 1.22424e+15 1.30266e+15 1.26844e+15 1.26511e+15 1.2752e+15 3.27028e+15
 152000 1.43741e+15 1.35798e+15 1.31332e+15 1.30178e+15 1.38039e+15 1.34098e+15 1.34105e+15 1.35246e+15 3.51104e+15
 160000 1.52375e+15 1.43509e+15 1.38752e+15 1.37961e+15 1.45712e+15 1.41497e+15 1.41723e+15 1.42986e+15 3.75742e+15
 160000 1.56561e+15 1.39643e+15 1.52377e+15 1.37885e+15 1.49232e+15 1.44367e+15 1.43828e+15 1.46108e+15 3.56323e+15
 320000 3.36287e+15 2.88804e+15 3.06095e+15 2.95755e+15 3.14882e+15 2.89686e+15 3.00108e+15 3.04223e+15 8.59463e+15
 480000 5.22271e+15 4.43542e+15 4.53968e+15 4.70064e+15 4.37747e+15 4.43877e+15 4.50563e+15 4.59642e+15 1.35177e+16
 640000 7.09029e+15 6.00311e+15 5.67226e+15 6.28946e+15 5.65794e+15 5.6468e+15 5.86473e+15 6.02093e+15 1.79258e+16
 800000 8.70683e+15 7.61048e+15 6.65585e+15 7.81784e+15 7.0603e+15 6.8182e+15 7.23211e+15 7.40235e+15 2.19653e+16
 960000 1.04101e+16 9.19535e+15 7.80894e+15 8.96504e+15 8.42702e+15 7.90324e+15 8.43177e+15 8.71431e+15 2.5964e+16
 1.12e+06 1.2198e+16 1.04312e+16 8.88786e+15 1.00098e+16 9.66961e+15 8.91311e+15 9.53084e+15 9.92077e+15 2.9511e+16
 1.28e+06 1.38041e+16 1.14027e+16 1.00648e+16 1.10617e+16 1.07379e+16 9.66528e+15 1.04883e+16 1.09959e+16 3.25382e+16
 1.44e+06 1.53879e+16 1.23764e+16 1.0607e+16 1.19243e+16 1.17275e+16 1.06857e+16 1.14458e+16 1.19837e+16 3.62619e+16
 1.6e+06 1.68051e+16 1.32428e+16 1.1085e+16 1.26269e+16 1.25698e+16 1.14303e+16 1.2209e+16 1.28098e+16 4.07842e+16
 1.76e+06 1.77253e+16 1.4118e+16 1.124e+16 1.34232e+16 1.34073e+16 1.24011e+16 1.30772e+16 1.35908e+16 4.55463e+16
 1.92e+06 1.91407e+16 1.49805e+16 1.15736e+16 1.46318e+16 1.41668e+16 1.31359e+16 1.39781e+16 1.44795e+16 5.10661e+16
 2.08e+06 2.07902e+16 1.5859e+16 1.2111e+16 1.60454e+16 1.50266e+16 1.36644e+16 1.49121e+16 1.54486e+16 5.63194e+16
 2.24e+06 2.26382e+16 1.70503e+16 1.27755e+16 1.73597e+16 1.61389e+16 1.44404e+16 1.59797e+16 1.6583e+16 6.20588e+16
 2.4e+06 2.41008e+16 1.81212e+16 1.33839e+16 1.8953e+16 1.73219e+16 1.49996e+16 1.70915e+16 1.7669e+16 6.80221e+16
 2.56e+06 2.54687e+16 1.92278e+16 1.37131e+16 2.04773e+16 1.85411e+16 1.57512e+16 1.82566e+16 1.87419e+16 7.47541e+16
 2.72e+06 2.69006e+16 2.0304e+16 1.40542e+16 2.21848e+16 2.00952e+16 1.67117e+16 1.96639e+16 1.99662e+16 8.12065e+16
 2.88e+06 2.79136e+16 2.15316e+16 1.44034e+16 2.3687e+16 2.1337e+16 1.7591e+16 2.08716e+16 2.10361e+16 8.68244e+16
 3.04e+06 2.90705e+16 2.24651e+16 1.48888e+16 2.51715e+16 2.23657e+16 1.86477e+16 2.20616e+16 2.20936e+16 9.20462e+16
 3.2e+06 3.02745e+16 2.32905e+16 1.54662e+16 2.64797e+16 2.36156e+16 1.9441e+16 2.31788e+16 2.31114e+16 9.73357e+16
 3.2e+06 4.47961e+16 2.05465e+16 2.02517e+16 2.90899e+16 2.64625e+16 2.01897e+16 2.52474e+16 2.6561e+16 9.09345e+16
 6.4e+06 8.01413e+16 4.55611e+16 2.30142e+16 5.501e+16 3.38602e+16 3.24243e+16 4.04315e+16 4.40878e+16 1.5233e+17
 9.6e+06 1.054e+17 6.94821e+16 3.36708e+16 9.01904e+16 4.29919e+16 4.76316e+16 6.02713e+16 6.39698e+16 1.78117e+17
 1.28e+07 8.92902e+16 7.48104e+16 1.41105e+16 1.53804e+17 3.74487e+16 6.17084e+16 8.43203e+16 7.43536e+16 2.57124e+17
 1.6e+07 6.41403e+16 5.76507e+16 2.89967e+16 2.1595e+17 4.204e+16 8.35229e+16 1.13838e+17 8.84076e+16 3.12335e+17
 1.92e+07 5.61751e+16 3.21774e+16 4.3074e+16 2.90778e+17 4.47835e+16 9.69847e+16 1.44182e+17 1.04033e+17 4.35835e+17
 2.24e+07 2.54364e+16 9.3816e+15 4.90178e+16 3.60229e+17 4.10546e+16 1.33612e+17 1.78299e+17 1.18157e+17 5.31207e+17
 2.56e+07 5.47989e+16 2.78032e+16 5.6688e+16 3.57882e+17 1.79898e+16 1.90552e+17 1.88808e+17 1.31857e+17 7.17942e+17
 2.88e+07 1.175e+17 6.27182e+16 6.14635e+16 4.15855e+17 5.88014e+16 2.58337e+17 2.44331e+17 1.78823e+17 8.02565e+17
 3.2e+07 1.24103e+17 1.34568e+17 8.01411e+16 4.6525e+17 3.1972e+16 3.17676e+17 2.71633e+17 2.08154e+17 6.8678e+17
 3.52e+07 1.11389e+17 2.06241e+17 9.81726e+16 4.81752e+17 3.65938e+16 2.54837e+17 2.57728e+17 2.10077e+17 4.41554e+17
 3.84e+07 1.92388e+14 1.95898e+17 1.83812e+17 3.69855e+17 6.78523e+14 2.20752e+17 1.97095e+17 1.68911e+17 7.64027e+16
