#NOTE: MSDs should be divided by (temperature^2).
#NOTE: MSDs have been divided by 2.
#Time	MSD_x	MSD_y	MSD_z	MSD_all
 20 774568 397619 207333 459840
 40 3.09759e+06 1.39435e+06 489447 1.66046e+06
 60 6.96887e+06 3.04554e+06 945633 3.65335e+06
 80 1.23883e+07 5.37022e+06 1.60633e+06 6.45494e+06
 100 1.93554e+07 8.35708e+06 2.45282e+06 1.00551e+07
 120 2.787e+07 1.19958e+07 3.46752e+06 1.44445e+07
 140 3.79318e+07 1.62963e+07 4.66788e+06 1.9632e+07
 160 4.95403e+07 2.12568e+07 6.05102e+06 2.56161e+07
 180 6.26954e+07 2.68767e+07 7.61593e+06 3.2396e+07
 200 7.73967e+07 3.31553e+07 9.36202e+06 3.99713e+07
 220 9.3644e+07 4.00927e+07 1.12887e+07 4.83418e+07
 240 1.11437e+08 4.76894e+07 1.33978e+07 5.75081e+07
 260 1.30776e+08 5.59442e+07 1.56874e+07 6.74691e+07
 280 1.5166e+08 6.48581e+07 1.81587e+07 7.82255e+07
 300 1.74089e+08 7.44305e+07 2.08106e+07 8.97768e+07
 320 1.98064e+08 8.46616e+07 2.36443e+07 1.02123e+08
 340 2.23584e+08 9.55511e+07 2.66589e+07 1.15265e+08
 360 2.5065e+08 1.07099e+08 2.98545e+07 1.29201e+08
 380 2.7926e+08 1.19306e+08 3.32314e+07 1.43933e+08
 400 3.09417e+08 1.32171e+08 3.67895e+07 1.59459e+08
 400 3.09417e+08 1.32173e+08 3.67921e+07 1.59461e+08
 800 1.23719e+09 5.27833e+08 1.45991e+08 6.37006e+08
 1200 2.78323e+09 1.18692e+09 3.27541e+08 1.43257e+09
 1600 4.94738e+09 2.1093e+09 5.81277e+08 2.54598e+09
 2000 7.72949e+09 3.29483e+09 9.07065e+08 3.97713e+09
 2400 1.11295e+10 4.74341e+09 1.30477e+09 5.72588e+09
 2800 1.51472e+10 6.45493e+09 1.77426e+09 7.79212e+09
 3200 1.97825e+10 8.42929e+09 2.31542e+09 1.01758e+10
 3600 2.50355e+10 1.06664e+10 2.92816e+09 1.28767e+10
 4000 3.09059e+10 1.31662e+10 3.61237e+09 1.58948e+10
 4400 3.73937e+10 1.59285e+10 4.36795e+09 1.923e+10
 4800 4.44988e+10 1.89534e+10 5.19483e+09 2.28823e+10
 5200 5.22211e+10 2.22406e+10 6.09291e+09 2.68516e+10
 5600 6.05606e+10 2.57903e+10 7.06211e+09 3.11377e+10
 6000 6.95173e+10 2.96022e+10 8.10236e+09 3.57406e+10
 6400 7.9091e+10 3.36764e+10 9.2136e+09 4.06603e+10
 6800 8.92817e+10 3.80127e+10 1.03958e+10 4.58967e+10
 7200 1.00089e+11 4.26112e+10 1.16488e+10 5.14498e+10
 7600 1.11514e+11 4.74717e+10 1.29726e+10 5.73194e+10
 8000 1.23555e+11 5.25942e+10 1.43671e+10 6.35056e+10
 8000 1.23558e+11 5.2601e+10 1.43673e+10 6.35086e+10
 16000 4.9387e+11 2.10025e+11 5.70385e+10 2.53645e+11
 24000 1.11067e+12 4.7196e+11 1.27652e+11 5.70094e+11
 32000 1.97384e+12 8.38237e+11 2.26024e+11 1.0127e+12
 40000 3.08332e+12 1.30875e+12 3.52035e+11 1.58137e+12
 48000 4.4391e+12 1.88345e+12 5.05623e+11 2.27606e+12
 56000 6.04118e+12 2.5623e+12 6.86748e+11 3.09674e+12
 64000 7.88949e+12 3.34529e+12 8.95351e+11 4.04338e+12
 72000 9.98401e+12 4.23239e+12 1.13139e+12 5.11593e+12
 80000 1.23249e+13 5.22359e+12 1.39484e+12 6.31443e+12
 88000 1.49119e+13 6.31885e+12 1.68566e+12 7.63882e+12
 96000 1.77453e+13 7.51812e+12 2.00385e+12 9.08909e+12
 104000 2.08249e+13 8.82137e+12 2.34938e+12 1.06652e+13
 112000 2.41506e+13 1.02286e+13 2.72224e+12 1.23672e+13
 120000 2.77226e+13 1.17398e+13 3.12243e+12 1.41949e+13
 128000 3.15406e+13 1.33548e+13 3.54993e+12 1.61484e+13
 136000 3.56048e+13 1.50737e+13 4.00472e+12 1.82278e+13
 144000 3.99151e+13 1.68966e+13 4.4868e+12 2.04328e+13
 152000 4.44715e+13 1.88234e+13 4.99615e+12 2.27637e+13
 160000 4.92741e+13 2.08541e+13 5.53279e+12 2.52203e+13
 160000 4.92647e+13 2.08539e+13 5.53388e+12 2.52175e+13
 320000 1.96957e+14 8.32603e+13 2.19836e+13 1.00733e+14
 480000 4.43011e+14 1.87168e+14 4.92959e+13 2.26492e+14
 640000 7.87363e+14 3.32492e+14 8.74288e+13 4.02428e+14
 800000 1.22977e+15 5.19121e+14 1.36223e+14 6.28371e+14
 960000 1.77021e+15 7.46925e+14 1.95628e+14 9.04255e+14
 1.12e+06 2.40875e+15 1.01607e+15 2.65641e+14 1.23015e+15
 1.28e+06 3.14552e+15 1.32659e+15 3.46281e+14 1.60613e+15
 1.44e+06 3.98045e+15 1.67851e+15 4.37634e+14 2.0322e+15
 1.6e+06 4.91339e+15 2.07169e+15 5.3961e+14 2.50823e+15
 1.76e+06 5.94436e+15 2.50628e+15 6.52385e+14 3.03434e+15
 1.92e+06 7.07333e+15 2.98224e+15 7.7583e+14 3.61047e+15
 2.08e+06 8.30047e+15 3.49968e+15 9.10032e+14 4.23673e+15
 2.24e+06 9.6254e+15 4.05867e+15 1.05499e+15 4.91302e+15
 2.4e+06 1.10484e+16 4.65916e+15 1.21056e+15 5.63937e+15
 2.56e+06 1.25691e+16 5.30103e+15 1.37664e+15 6.41559e+15
 2.72e+06 1.41876e+16 5.98437e+15 1.55325e+15 7.24173e+15
 2.88e+06 1.59041e+16 6.70902e+15 1.74037e+15 8.11782e+15
 3.04e+06 1.77182e+16 7.47501e+15 1.93788e+15 9.0437e+15
 3.2e+06 1.96303e+16 8.2823e+15 2.14597e+15 1.00195e+16
 3.2e+06 1.95578e+16 8.26452e+15 2.13819e+15 9.98683e+15
 6.4e+06 7.81077e+16 3.30747e+16 8.50526e+15 3.98959e+16
 9.6e+06 1.75519e+17 7.4446e+16 1.90176e+16 8.96609e+16
 1.28e+07 3.1099e+17 1.32275e+17 3.35741e+16 1.58946e+17
 1.6e+07 4.84701e+17 2.06434e+17 5.23139e+16 2.47816e+17
 1.92e+07 6.96829e+17 2.97076e+17 7.51846e+16 3.56363e+17
 2.24e+07 9.47388e+17 4.04057e+17 1.02007e+17 4.84484e+17
 2.56e+07 1.23655e+18 5.27705e+17 1.33029e+17 6.32427e+17
 2.88e+07 1.56559e+18 6.67843e+17 1.68589e+17 8.00674e+17
 3.2e+07 1.93445e+18 8.25002e+17 2.08766e+17 9.89406e+17
 3.52e+07 2.3439e+18 9.98796e+17 2.53089e+17 1.19859e+18
 3.84e+07 2.79584e+18 1.18999e+18 3.01996e+17 1.42927e+18
 4.16e+07 3.29142e+18 1.39731e+18 3.56766e+17 1.68183e+18
 4.48e+07 3.82159e+18 1.61985e+18 4.16151e+17 1.95253e+18
 4.8e+07 4.3931e+18 1.85846e+18 4.80152e+17 2.2439e+18
