#NOTE: MSDs should be divided by the total number of molecules (N).
#Time	MSD__wat_wat	MSD__wat_Li	MSD__wat_S	MSD__Li_Li	MSD__Li_S	MSD__S_S	
 2000 40588.8 4373.94 2164.72 479.355 234.749 121.808
 4000 162055 17482.1 8705.39 1898.22 941.689 477.854
 6000 364393 39321.2 19612.1 4259.56 2119.98 1069.41
 8000 647568 69887.8 34882.3 7562.98 3769.32 1896.45
 10000 1.01155e+06 109178 54514 11808.2 5889.6 2958.9
 12000 1.45631e+06 157189 78505.7 16994.9 8480.6 4256.69
 14000 1.98181e+06 213918 106856 23122.8 11542.1 5789.66
 16000 2.58804e+06 279362 139563 30191.5 15074 7557.72
 18000 3.27497e+06 353519 176626 38201 19076.1 9560.87
 20000 4.04258e+06 436387 218044 47150.9 23548.4 11799
 22000 4.89085e+06 527963 263816 57041 28490.7 14272.1
 24000 5.81976e+06 628247 313940 67871.2 33903 16980.2
 26000 6.82932e+06 737236 368417 79641.3 39785.2 19923.1
 28000 7.91949e+06 854930 427245 92351.2 46137.2 23101
 30000 9.09027e+06 981326 490424 106001 52959 26513.7
 32000 1.03417e+07 1.11643e+06 557954 120590 60250.4 30161.3
 34000 1.16736e+07 1.26022e+06 629834 136118 68011.5 34043.6
 36000 1.30862e+07 1.41272e+06 706063 152585 76242.1 38160.8
 38000 1.45793e+07 1.57392e+06 786641 169992 84942.3 42512.6
 40000 1.6153e+07 1.74382e+06 871567 188338 94112 47099.2
 40000 1.61637e+07 1.74494e+06 872105 188459 94169.3 47127.3
 80000 6.45597e+07 6.96988e+06 3.48411e+06 752628 376186 188167
 120000 1.45096e+08 1.56646e+07 7.83079e+06 1.69139e+06 845475 422829
 160000 2.57671e+08 2.78182e+07 1.39067e+07 3.00357e+06 1.50145e+06 750822
 200000 4.02208e+08 4.34227e+07 2.17074e+07 4.68834e+06 2.34365e+06 1.1719e+06
 240000 5.78675e+08 6.24743e+07 3.12313e+07 6.74525e+06 3.37187e+06 1.68596e+06
 280000 7.87029e+08 8.49686e+07 4.24766e+07 9.17387e+06 4.58595e+06 2.29296e+06
 320000 1.02727e+09 1.10906e+08 5.54432e+07 1.19742e+07 5.98587e+06 2.99287e+06
 360000 1.29937e+09 1.40283e+08 7.01294e+07 1.51459e+07 7.57146e+06 3.7856e+06
 400000 1.60332e+09 1.73098e+08 8.65348e+07 1.86889e+07 9.34268e+06 4.67113e+06
 440000 1.9391e+09 2.0935e+08 1.04658e+08 2.26029e+07 1.12993e+07 5.64934e+06
 480000 2.3067e+09 2.49037e+08 1.24498e+08 2.68877e+07 1.34413e+07 6.72022e+06
 520000 2.7061e+09 2.92158e+08 1.46055e+08 3.15433e+07 1.57687e+07 7.8838e+06
 560000 3.13728e+09 3.3871e+08 1.69327e+08 3.65693e+07 1.82813e+07 9.13991e+06
 600000 3.60017e+09 3.88685e+08 1.9431e+08 4.19649e+07 2.09786e+07 1.04884e+07
 640000 4.09472e+09 4.42078e+08 2.21003e+08 4.77295e+07 2.38604e+07 1.19292e+07
 680000 4.62085e+09 4.98882e+08 2.494e+08 5.38624e+07 2.69263e+07 1.34619e+07
 720000 5.17842e+09 5.59079e+08 2.79493e+08 6.03616e+07 3.01754e+07 1.50862e+07
 760000 5.76733e+09 6.22659e+08 3.11279e+08 6.72259e+07 3.3607e+07 1.68018e+07
 800000 6.38752e+09 6.89616e+08 3.44751e+08 7.44547e+07 3.72208e+07 1.86085e+07
 800000 6.41649e+09 6.92752e+08 3.46313e+08 7.47942e+07 3.73898e+07 1.86926e+07
 1.6e+06 2.54172e+10 2.74405e+09 1.37178e+09 2.96252e+08 1.48099e+08 7.40386e+07
 2.4e+06 5.64729e+10 6.09705e+09 3.04806e+09 6.58268e+08 3.29082e+08 1.64519e+08
 3.2e+06 9.88428e+10 1.06719e+10 5.33532e+09 1.15223e+09 5.76048e+08 2.87994e+08
 4e+06 1.5155e+11 1.63632e+10 8.18058e+09 1.76678e+09 8.83276e+08 4.41587e+08
 4.8e+06 2.13343e+11 2.3036e+10 1.15155e+10 2.48736e+09 1.24341e+09 6.21576e+08
 5.6e+06 2.82402e+11 3.04941e+10 1.52428e+10 3.29281e+09 1.64594e+09 8.22747e+08
 6.4e+06 3.5873e+11 3.87371e+10 1.93623e+10 4.18301e+09 2.09082e+09 1.04508e+09
 7.2e+06 4.42663e+11 4.78005e+10 2.38918e+10 5.1617e+09 2.57993e+09 1.28952e+09
 8e+06 5.33036e+11 5.75586e+10 2.87685e+10 6.21535e+09 3.1065e+09 1.55268e+09
 8.8e+06 6.28407e+11 6.78553e+10 3.3914e+10 7.32702e+09 3.66203e+09 1.83029e+09
 9.6e+06 7.27681e+11 7.85744e+10 3.92709e+10 8.48442e+09 4.24044e+09 2.11935e+09
 1.04e+07 8.30641e+11 8.96909e+10 4.48271e+10 9.68465e+09 4.84034e+09 2.41919e+09
 1.12e+07 9.35913e+11 1.01057e+11 5.05078e+10 1.09118e+10 5.45367e+09 2.72573e+09
 1.2e+07 1.04075e+12 1.12375e+11 5.61626e+10 1.21337e+10 6.06416e+09 3.03075e+09
 1.28e+07 1.14535e+12 1.23665e+11 6.18034e+10 1.33524e+10 6.67304e+09 3.33496e+09
 1.36e+07 1.24772e+12 1.34714e+11 6.73228e+10 1.45447e+10 7.2687e+09 3.63253e+09
 1.44e+07 1.34998e+12 1.45748e+11 7.28349e+10 1.57356e+10 7.86355e+09 3.92967e+09
 1.52e+07 1.45142e+12 1.56696e+11 7.83035e+10 1.6917e+10 8.45368e+09 4.22445e+09
 1.6e+07 1.54841e+12 1.67158e+11 8.35253e+10 1.80456e+10 9.01697e+09 4.5056e+09
 1.6e+07 3.43125e+11 3.70086e+10 1.84573e+10 3.99168e+09 1.99077e+09 9.92877e+08
 3.2e+07 6.87497e+11 7.41161e+10 3.68342e+10 7.99022e+09 3.97096e+09 1.9735e+09
