#NOTE: MSDs should be divided by the total number of molecules (N).
#Time	MSD__wat_wat	MSD__wat_Li	MSD__wat_S	MSD__Li_Li	MSD__Li_S	MSD__S_S	
 2000 24950.9 2684.86 1321.58 297.115 143.837 76.4612
 4000 99505.8 10727.9 5334 1169.36 577.836 296.317
 6000 223665 24126.5 12027.5 2619.58 1301.27 660.901
 8000 397396 42876.6 21399.7 4647.44 2313.9 1170.2
 10000 620664 66974.6 33448.9 7252.47 3615.58 1824.17
 12000 893435 96417.2 48173.6 10434.6 5206.19 2622.67
 14000 1.21569e+06 131201 65572.1 14193.4 7085.47 3565.62
 16000 1.58739e+06 171325 85643.3 18528.6 9253.33 4653.01
 18000 2.00853e+06 216785 108386 23439.9 11709.6 5884.71
 20000 2.47907e+06 267579 133799 28927 14454.1 7260.68
 22000 2.999e+06 323705 161881 34989.9 17486.7 8780.96
 24000 3.5683e+06 385160 192630 41628.1 20807.4 10445.4
 26000 4.18693e+06 451941 226046 48841.1 24415.9 12254
 28000 4.8549e+06 524049 262127 56629.1 28312.2 14206.6
 30000 5.57218e+06 601480 300874 64992 32496.2 16303.2
 32000 6.33877e+06 684235 342283 73929.4 36967.7 18543.7
 34000 7.15464e+06 772310 386356 83441.4 41726.7 20928.1
 36000 8.01978e+06 865704 433090 93527.6 46773 23456.3
 38000 8.93417e+06 964415 482485 104188 52106.5 26128.2
 40000 9.89776e+06 1.06844e+06 534539 115421 57727.1 28943.8
 40000 9.9176e+06 1.07057e+06 535599 115648 57841.5 29000.7
 80000 3.95515e+07 4.26965e+06 2.13662e+06 461080 230700 115563
 120000 8.8748e+07 9.58061e+06 4.79474e+06 1.0345e+06 517680 259252
 160000 1.57309e+08 1.6982e+07 8.49947e+06 1.8336e+06 917645 459504
 200000 2.45069e+08 2.64564e+07 1.32419e+07 2.85651e+06 1.42965e+06 715839
 240000 3.51896e+08 3.79891e+07 1.90148e+07 4.10162e+06 2.05289e+06 1.02787e+06
 280000 4.77666e+08 5.15669e+07 2.58119e+07 5.56753e+06 2.78671e+06 1.39526e+06
 320000 6.22171e+08 6.71672e+07 3.36214e+07 7.25176e+06 3.62983e+06 1.81737e+06
 360000 7.85157e+08 8.47616e+07 4.24301e+07 9.15116e+06 4.58075e+06 2.2935e+06
 400000 9.66415e+08 1.04329e+08 5.22271e+07 1.12635e+07 5.63837e+06 2.82309e+06
 440000 1.1658e+09 1.25851e+08 6.30038e+07 1.35869e+07 6.80171e+06 3.40563e+06
 480000 1.38322e+09 1.49322e+08 7.47552e+07 1.61206e+07 8.07029e+06 4.04084e+06
 520000 1.61859e+09 1.7473e+08 8.74759e+07 1.88635e+07 9.44351e+06 4.7284e+06
 560000 1.87202e+09 2.02087e+08 1.01172e+08 2.18166e+07 1.0922e+07 5.4686e+06
 600000 2.14345e+09 2.31388e+08 1.15841e+08 2.49798e+07 1.25055e+07 6.26146e+06
 640000 2.43289e+09 2.62632e+08 1.31482e+08 2.83525e+07 1.4194e+07 7.1068e+06
 680000 2.74032e+09 2.95817e+08 1.48096e+08 3.19348e+07 1.59874e+07 8.00465e+06
 720000 3.0657e+09 3.30941e+08 1.65679e+08 3.57264e+07 1.78855e+07 8.95493e+06
 760000 3.40883e+09 3.67981e+08 1.84223e+08 3.97246e+07 1.98871e+07 9.95706e+06
 800000 3.76973e+09 4.06936e+08 2.03724e+08 4.39297e+07 2.19922e+07 1.10109e+07
 800000 3.92078e+09 4.2327e+08 2.1184e+08 4.56959e+07 2.28698e+07 1.14471e+07
 1.6e+06 1.50154e+10 1.6209e+09 8.11299e+08 1.74978e+08 8.75802e+07 4.38377e+07
 2.4e+06 3.27003e+10 3.53005e+09 1.76692e+09 3.81079e+08 1.90743e+08 9.54761e+07
 3.2e+06 5.60347e+10 6.04955e+09 3.02775e+09 6.53119e+08 3.2688e+08 1.63603e+08
 4e+06 8.45892e+10 9.13239e+09 4.57028e+09 9.85955e+08 4.93418e+08 2.46933e+08
 4.8e+06 1.16987e+11 1.26312e+10 6.32079e+09 1.36381e+09 6.82464e+08 3.41517e+08
 5.6e+06 1.51629e+11 1.63724e+10 8.19222e+09 1.76786e+09 8.84577e+08 4.42617e+08
 6.4e+06 1.88226e+11 2.03247e+10 1.01699e+10 2.19468e+09 1.09815e+09 5.49484e+08
 7.2e+06 2.26112e+11 2.44157e+10 1.2217e+10 2.63643e+09 1.31921e+09 6.60106e+08
 8e+06 2.62959e+11 2.83953e+10 1.42072e+10 3.06624e+09 1.53415e+09 7.67601e+08
 8.8e+06 2.95477e+11 3.19085e+10 1.59655e+10 3.44581e+09 1.72412e+09 8.62671e+08
 9.6e+06 3.22805e+11 3.4861e+10 1.74427e+10 3.76481e+09 1.88372e+09 9.42522e+08
 1.04e+07 3.44528e+11 3.72089e+10 1.86176e+10 4.01857e+09 2.01071e+09 1.00607e+09
 1.12e+07 3.62184e+11 3.91165e+10 1.9573e+10 4.22468e+09 2.11393e+09 1.05777e+09
 1.2e+07 3.78109e+11 4.08378e+10 2.0436e+10 4.41074e+09 2.20721e+09 1.10454e+09
 1.28e+07 3.9302e+11 4.24479e+10 2.12422e+10 4.58461e+09 2.29427e+09 1.14813e+09
 1.36e+07 4.07669e+11 4.4029e+10 2.20349e+10 4.75526e+09 2.37982e+09 1.19102e+09
 1.44e+07 4.22763e+11 4.56589e+10 2.28514e+10 4.93126e+09 2.468e+09 1.2352e+09
 1.52e+07 4.38621e+11 4.73717e+10 2.37102e+10 5.11625e+09 2.56075e+09 1.2817e+09
 1.6e+07 4.55554e+11 4.92016e+10 2.46268e+10 5.31401e+09 2.65981e+09 1.33132e+09
 1.6e+07 4.64606e+11 5.02037e+10 2.51107e+10 5.4249e+09 2.71339e+09 1.35719e+09
 3.2e+07 9.28656e+11 1.00348e+11 5.0263e+10 1.08433e+10 5.4313e+09 2.72049e+09
