#NOTE: MSDs should be divided by the total number of molecules (N).
#Time	MSD__S_S	MSD__S_wat	MSD__S_Li	MSD__wat_wat	MSD__wat_Li	MSD__Li_Li	
 2000 87.5125 1530.26 166.279 28822.7 3104 342.235
 4000 340.862 6167.05 667.712 115002 12403.8 1350.13
 6000 761.261 13901.3 1503.58 258536 27896.6 3026.57
 8000 1348.69 24730.6 2673.67 459395 49579.2 5371.21
 10000 2103.09 38653.3 4177.71 717550 77448.7 8383.83
 12000 3024.4 55667.8 6015.64 1.03297e+06 111501 12064
 14000 4112.56 75772.8 8187.27 1.40564e+06 151735 16411.6
 16000 5367.42 98967.4 10692.5 1.83553e+06 198148 21426.4
 18000 6789.02 125250 13531.1 2.32261e+06 250736 27107.9
 20000 8377.29 154620 16703.1 2.86689e+06 309500 33456.3
 22000 10132.2 187076 20208.4 3.46833e+06 374436 40471.1
 24000 12053.7 222618 24046.9 4.12691e+06 445542 48152.1
 26000 14141.6 261244 28218.3 4.84263e+06 522817 56499.1
 28000 16396 302954 32722.8 5.61546e+06 606258 65512.1
 30000 18816.8 347745 37560 6.44537e+06 695863 75190.7
 32000 21403.9 395619 42730 7.33235e+06 791632 85534.7
 34000 24157.3 446572 48232.6 8.27639e+06 893561 96544
 36000 27077 500606 54067.8 9.27749e+06 1.00165e+06 108218
 38000 30163 557720 60235.5 1.03356e+07 1.1159e+06 120557
 40000 33415.1 617912 66735.5 1.14508e+07 1.2363e+06 133562
 40000 33450.2 618590 66808 1.14635e+07 1.23766e+06 133706
 80000 133443 2.4698e+06 266714 4.57577e+07 4.94057e+06 533604
 120000 299637 5.54718e+06 599027 1.02762e+08 1.10958e+07 1.19831e+06
 160000 531749 9.84538e+06 1.06317e+06 1.82377e+08 1.96927e+07 2.1267e+06
 200000 829512 1.53594e+07 1.65862e+06 2.84509e+08 3.07214e+07 3.31769e+06
 240000 1.19258e+06 2.20831e+07 2.38468e+06 4.09047e+08 4.41693e+07 4.7699e+06
 280000 1.62071e+06 3.00118e+07 3.24088e+06 5.55911e+08 6.0028e+07 6.48245e+06
 320000 2.11387e+06 3.91449e+07 4.22711e+06 7.25074e+08 7.82946e+07 8.45499e+06
 360000 2.67209e+06 4.94828e+07 5.34346e+06 9.16547e+08 9.89707e+07 1.06878e+07
 400000 3.29512e+06 6.10203e+07 6.58936e+06 1.13023e+09 1.22045e+08 1.31795e+07
 440000 3.98297e+06 7.37584e+07 7.96486e+06 1.36615e+09 1.4752e+08 1.59304e+07
 480000 4.73561e+06 8.76958e+07 9.46986e+06 1.62426e+09 1.75391e+08 1.894e+07
 520000 5.55286e+06 1.02829e+08 1.1104e+07 1.90452e+09 2.05654e+08 2.2208e+07
 560000 6.4344e+06 1.19154e+08 1.28668e+07 2.20685e+09 2.383e+08 2.57333e+07
 600000 7.38016e+06 1.36667e+08 1.4758e+07 2.53118e+09 2.73322e+08 2.95151e+07
 640000 8.38974e+06 1.55363e+08 1.67768e+07 2.87743e+09 3.1071e+08 3.35524e+07
 680000 9.46339e+06 1.75246e+08 1.89238e+07 3.24566e+09 3.50472e+08 3.7846e+07
 720000 1.06005e+07 1.96305e+08 2.11978e+07 3.63567e+09 3.92586e+08 4.23935e+07
 760000 1.18011e+07 2.18539e+08 2.35986e+07 4.04746e+09 4.3705e+08 4.71949e+07
 800000 1.30651e+07 2.41948e+08 2.61264e+07 4.48104e+09 4.83868e+08 5.22504e+07
 800000 1.2913e+07 2.39133e+08 2.58223e+07 4.42885e+09 4.78233e+08 5.16416e+07
 1.6e+06 5.09232e+07 9.43056e+08 1.01832e+08 1.74655e+10 1.88591e+09 2.03643e+08
 2.4e+06 1.12902e+08 2.09078e+09 2.25758e+08 3.87198e+10 4.18084e+09 4.5144e+08
 3.2e+06 1.96806e+08 3.64433e+09 3.93501e+08 6.74857e+10 7.28682e+09 7.86805e+08
 4e+06 2.98195e+08 5.52165e+09 5.96179e+08 1.02247e+11 1.10396e+10 1.19197e+09
 4.8e+06 4.1645e+08 7.71169e+09 8.32607e+08 1.42806e+11 1.54183e+10 1.66467e+09
 5.6e+06 5.47473e+08 1.01379e+10 1.09454e+09 1.87736e+11 2.02687e+10 2.1883e+09
 6.4e+06 6.88186e+08 1.27434e+10 1.37581e+09 2.3598e+11 2.54768e+10 2.75053e+09
 7.2e+06 8.35749e+08 1.5475e+10 1.6707e+09 2.86543e+11 3.09356e+10 3.33987e+09
 8e+06 9.83321e+08 1.82056e+10 1.96556e+09 3.37072e+11 3.63917e+10 3.92901e+09
 8.8e+06 1.12656e+09 2.08552e+10 2.25165e+09 3.86082e+11 4.16836e+10 4.50041e+09
 9.6e+06 1.25809e+09 2.32875e+10 2.51429e+09 4.31062e+11 4.65404e+10 5.02485e+09
 1.04e+07 1.37421e+09 2.5434e+10 2.74603e+09 4.70742e+11 5.08244e+10 5.48737e+09
 1.12e+07 1.47616e+09 2.73191e+10 2.94952e+09 5.05594e+11 5.45868e+10 5.89352e+09
 1.2e+07 1.55945e+09 2.88585e+10 3.11575e+09 5.34045e+11 5.76589e+10 6.22525e+09
 1.28e+07 1.62832e+09 3.01329e+10 3.25332e+09 5.57631e+11 6.02048e+10 6.50006e+09
 1.36e+07 1.68936e+09 3.12618e+10 3.37512e+09 5.78508e+11 6.24575e+10 6.74314e+09
 1.44e+07 1.74614e+09 3.23116e+10 3.48844e+09 5.97921e+11 6.45529e+10 6.96931e+09
 1.52e+07 1.80122e+09 3.33306e+10 3.59858e+09 6.16772e+11 6.65905e+10 7.18956e+09
 1.6e+07 1.85738e+09 3.43693e+10 3.71093e+09 6.35987e+11 6.86687e+10 7.41432e+09
 1.6e+07 2.09553e+08 3.85591e+09 4.17929e+08 7.09547e+10 7.69041e+09 8.33542e+08
 3.2e+07 4.20115e+08 7.71812e+09 8.37584e+08 1.41802e+11 1.53881e+10 1.66992e+09
