#NOTE: MSDs should be divided by (temperature^2).
#NOTE: MSDs have been divided by 2.
#Time	MSD_x	MSD_y	MSD_z	MSD_all
 20 719469 389391 197843 435568
 40 2.8772e+06 1.36291e+06 452499 1.5642e+06
 60 6.47303e+06 2.97511e+06 862898 3.43701e+06
 80 1.15068e+07 5.2455e+06 1.4593e+06 6.07054e+06
 100 1.79783e+07 8.16254e+06 2.22374e+06 9.45484e+06
 120 2.5887e+07 1.17162e+07 3.1379e+06 1.35804e+07
 140 3.52328e+07 1.59159e+07 4.21952e+06 1.84561e+07
 160 4.60154e+07 2.07604e+07 5.46561e+06 2.40805e+07
 180 5.82346e+07 2.62488e+07 6.87547e+06 3.04529e+07
 200 7.18899e+07 3.23805e+07 8.44808e+06 3.75728e+07
 220 8.69813e+07 3.91556e+07 1.01834e+07 4.54401e+07
 240 1.03508e+08 4.65745e+07 1.20827e+07 5.40552e+07
 260 1.21471e+08 5.46364e+07 1.41444e+07 6.34174e+07
 280 1.4087e+08 6.33418e+07 1.63694e+07 7.3527e+07
 300 1.61704e+08 7.26903e+07 1.87574e+07 8.43838e+07
 320 1.83973e+08 8.26821e+07 2.13087e+07 9.5988e+07
 340 2.07678e+08 9.33172e+07 2.4023e+07 1.08339e+08
 360 2.32818e+08 1.04595e+08 2.69002e+07 1.21438e+08
 380 2.59394e+08 1.16517e+08 2.99403e+07 1.35284e+08
 400 2.87405e+08 1.29082e+08 3.31435e+07 1.49877e+08
 400 2.87405e+08 1.29083e+08 3.31417e+07 1.49876e+08
 800 1.1492e+09 5.15502e+08 1.31433e+08 5.98712e+08
 1200 2.5853e+09 1.1592e+09 2.94815e+08 1.34644e+09
 1600 4.59557e+09 2.06003e+09 5.23135e+08 2.39291e+09
 2000 7.1799e+09 3.21788e+09 8.16259e+08 3.73801e+09
 2400 1.03382e+10 4.63265e+09 1.17406e+09 5.38163e+09
 2800 1.40703e+10 6.30424e+09 1.59643e+09 7.32367e+09
 3200 1.83763e+10 8.23258e+09 2.08324e+09 9.56403e+09
 3600 2.32559e+10 1.04176e+10 2.6344e+09 1.21026e+10
 4000 2.87092e+10 1.28591e+10 3.24982e+09 1.49394e+10
 4400 3.4736e+10 1.55572e+10 3.92941e+09 1.80742e+10
 4800 4.13364e+10 1.85117e+10 4.67308e+09 2.1507e+10
 5200 4.85101e+10 2.17225e+10 5.48077e+09 2.52378e+10
 5600 5.62573e+10 2.51896e+10 6.3524e+09 2.92664e+10
 6000 6.45778e+10 2.8913e+10 7.2879e+09 3.35929e+10
 6400 7.34715e+10 3.28925e+10 8.28722e+09 3.82171e+10
 6800 8.29384e+10 3.71282e+10 9.35028e+09 4.3139e+10
 7200 9.29785e+10 4.16199e+10 1.0477e+10 4.83585e+10
 7600 1.03592e+11 4.63677e+10 1.16674e+10 5.38756e+10
 8000 1.14778e+11 5.13714e+10 1.29214e+10 5.96903e+10
 8000 1.14783e+11 5.13742e+10 1.29221e+10 5.96929e+10
 16000 4.58825e+11 2.05157e+11 5.12826e+10 2.38422e+11
 24000 1.03194e+12 4.61115e+11 1.14771e+11 5.35942e+11
 32000 1.83405e+12 8.19134e+11 2.03224e+11 9.52135e+11
 40000 2.86508e+12 1.27914e+12 3.16547e+11 1.48692e+12
 48000 4.12502e+12 1.84108e+12 4.54684e+11 2.14026e+12
 56000 5.61387e+12 2.50492e+12 6.17569e+11 2.91212e+12
 64000 7.33158e+12 3.27064e+12 8.05184e+11 3.80247e+12
 72000 9.27806e+12 4.13822e+12 1.01749e+12 4.81126e+12
 80000 1.14533e+13 5.10765e+12 1.25446e+12 5.93846e+12
 88000 1.38572e+13 6.17895e+12 1.51604e+12 7.18406e+12
 96000 1.64898e+13 7.35207e+12 1.80218e+12 8.54803e+12
 104000 1.93512e+13 8.627e+12 2.11288e+12 1.00304e+13
 112000 2.24413e+13 1.00038e+13 2.44808e+12 1.16311e+13
 120000 2.57602e+13 1.14824e+13 2.80781e+12 1.33501e+13
 128000 2.93077e+13 1.30628e+13 3.19207e+12 1.51876e+13
 136000 3.3084e+13 1.47451e+13 3.60081e+12 1.71433e+13
 144000 3.70889e+13 1.65292e+13 4.03403e+12 1.92174e+13
 152000 4.13225e+13 1.84151e+13 4.49173e+12 2.14098e+13
 160000 4.57847e+13 2.0403e+13 4.974e+12 2.37206e+13
 160000 4.57908e+13 2.0412e+13 4.97425e+12 2.37257e+13
 320000 1.83038e+14 8.15495e+13 1.97703e+13 9.4786e+13
 480000 4.11642e+14 1.83332e+14 4.43718e+13 2.13115e+14
 640000 7.31514e+14 3.25748e+14 7.87659e+13 3.78676e+14
 800000 1.14249e+15 5.08581e+14 1.22974e+14 5.91349e+14
 960000 1.64463e+15 7.31858e+14 1.76943e+14 8.51144e+14
 1.12e+06 2.23783e+15 9.9569e+14 2.40729e+14 1.15808e+15
 1.28e+06 2.92184e+15 1.3001e+15 3.1426e+14 1.51207e+15
 1.44e+06 3.69666e+15 1.64494e+15 3.97698e+14 1.9131e+15
 1.6e+06 4.56226e+15 2.03057e+15 4.91033e+14 2.36129e+15
 1.76e+06 5.51846e+15 2.45658e+15 5.94242e+14 2.85643e+15
 1.92e+06 6.56523e+15 2.92298e+15 7.07269e+14 3.39849e+15
 2.08e+06 7.70266e+15 3.42986e+15 8.30131e+14 3.98755e+15
 2.24e+06 8.92973e+15 3.97689e+15 9.62578e+14 4.62306e+15
 2.4e+06 1.02469e+16 4.56433e+15 1.10483e+15 5.30534e+15
 2.56e+06 1.16535e+16 5.19187e+15 1.25681e+15 6.03405e+15
 2.72e+06 1.315e+16 5.8597e+15 1.41856e+15 6.80941e+15
 2.88e+06 1.47362e+16 6.5676e+15 1.59004e+15 7.63129e+15
 3.04e+06 1.64125e+16 7.31575e+15 1.77156e+15 8.49993e+15
 3.2e+06 1.81779e+16 8.10356e+15 1.96287e+15 9.41479e+15
 3.2e+06 1.81701e+16 8.11452e+15 1.97254e+15 9.41905e+15
 6.4e+06 7.22522e+16 3.22761e+16 7.86184e+15 3.74634e+16
 9.6e+06 1.62179e+17 7.24637e+16 1.7723e+16 8.41218e+16
 1.28e+07 2.88056e+17 1.2851e+17 3.16306e+16 1.49399e+17
 1.6e+07 4.49987e+17 2.00616e+17 4.95489e+16 2.33384e+17
 1.92e+07 6.47979e+17 2.88885e+17 7.13497e+16 3.36071e+17
 2.24e+07 8.82159e+17 3.93552e+17 9.6864e+16 4.57525e+17
 2.56e+07 1.15323e+18 5.15268e+17 1.26012e+17 5.98171e+17
 2.88e+07 1.463e+18 6.53543e+17 1.59163e+17 7.5857e+17
 3.2e+07 1.81653e+18 8.11289e+17 1.97138e+17 9.41653e+17
