#NOTE: MSDs should be divided by the temperature.
#NOTE: MSDs have been divided by 2 or 10 (i.e., the viscosity computed from all components).
#Time	MSD_xx	MSD_yy	MSD_zz	MSD_xy	MSD_xz	MSD_yz	MSD_off	MSD_all	MSD_bulkvisc
 20 8.25471e+09 8.18951e+09 8.1842e+09 8.18578e+09 8.18537e+09 8.19468e+09 8.18861e+09 8.19696e+09 1.02183e+10
 40 2.61239e+10 2.58645e+10 2.5843e+10 2.58448e+10 2.58455e+10 2.58886e+10 2.58597e+10 2.58933e+10 3.6174e+10
 60 4.79415e+10 4.73565e+10 4.7325e+10 4.73169e+10 4.73102e+10 4.74176e+10 4.73482e+10 4.74253e+10 7.24046e+10
 80 7.2183e+10 7.11384e+10 7.11252e+10 7.11002e+10 7.10562e+10 7.1252e+10 7.11362e+10 7.12746e+10 1.16425e+11
 100 9.74208e+10 9.57947e+10 9.58237e+10 9.57959e+10 9.56757e+10 9.59791e+10 9.58169e+10 9.60287e+10 1.67663e+11
 120 1.23351e+11 1.21063e+11 1.21144e+11 1.21125e+11 1.20901e+11 1.2134e+11 1.21122e+11 1.21414e+11 2.25377e+11
 140 1.51287e+11 1.48289e+11 1.48426e+11 1.48433e+11 1.48093e+11 1.48695e+11 1.48407e+11 1.48778e+11 2.87931e+11
 160 1.81858e+11 1.78132e+11 1.78323e+11 1.784e+11 1.7794e+11 1.78719e+11 1.78353e+11 1.78787e+11 3.53938e+11
 180 2.14795e+11 2.10352e+11 2.10589e+11 2.10798e+11 2.10191e+11 2.1117e+11 2.1072e+11 2.11197e+11 4.2319e+11
 200 2.49887e+11 2.44753e+11 2.45034e+11 2.45439e+11 2.44639e+11 2.45866e+11 2.45315e+11 2.45812e+11 4.96078e+11
 220 2.87001e+11 2.81204e+11 2.81522e+11 2.82195e+11 2.81146e+11 2.8267e+11 2.82004e+11 2.82499e+11 5.72446e+11
 240 3.2594e+11 3.1952e+11 3.19862e+11 3.20876e+11 3.19517e+11 3.21383e+11 3.20592e+11 3.21065e+11 6.51526e+11
 260 3.66574e+11 3.59592e+11 3.59935e+11 3.61363e+11 3.59633e+11 3.61893e+11 3.60963e+11 3.61391e+11 7.32823e+11
 280 4.08809e+11 4.01328e+11 4.01646e+11 4.03546e+11 4.01424e+11 4.04109e+11 4.03026e+11 4.03387e+11 8.16536e+11
 300 4.52536e+11 4.44625e+11 4.44889e+11 4.47318e+11 4.44803e+11 4.47918e+11 4.4668e+11 4.46948e+11 9.03036e+11
 320 4.97687e+11 4.89419e+11 4.89606e+11 4.92641e+11 4.89702e+11 4.93251e+11 4.91864e+11 4.92014e+11 9.92281e+11
 340 5.44266e+11 5.35706e+11 5.35779e+11 5.3951e+11 5.36109e+11 5.40105e+11 5.38575e+11 5.38578e+11 1.08394e+12
 360 5.92302e+11 5.83495e+11 5.83432e+11 5.87951e+11 5.84045e+11 5.88504e+11 5.86833e+11 5.86664e+11 1.17792e+12
 380 6.41815e+11 6.32806e+11 6.32579e+11 6.37975e+11 6.33505e+11 6.38453e+11 6.36645e+11 6.3628e+11 1.27443e+12
 400 6.92788e+11 6.8363e+11 6.83204e+11 6.89532e+11 6.84439e+11 6.89916e+11 6.87962e+11 6.87394e+11 1.37371e+12
 400 6.957e+11 6.84167e+11 6.84568e+11 6.88577e+11 6.84269e+11 6.90029e+11 6.87625e+11 6.87833e+11 1.37306e+12
 800 1.97459e+12 1.96222e+12 1.95418e+12 1.98329e+12 1.95804e+12 1.97848e+12 1.97327e+12 1.96943e+12 3.88864e+12
 1200 3.62977e+12 3.61971e+12 3.594e+12 3.66186e+12 3.59998e+12 3.64466e+12 3.6355e+12 3.6271e+12 7.177e+12
 1600 5.55354e+12 5.54749e+12 5.49477e+12 5.6062e+12 5.50051e+12 5.58197e+12 5.56289e+12 5.55051e+12 1.1039e+13
 2000 7.68362e+12 7.67961e+12 7.59601e+12 7.75105e+12 7.59946e+12 7.72894e+12 7.69315e+12 7.67712e+12 1.53355e+13
 2400 9.97495e+12 9.97014e+12 9.84897e+12 1.00499e+13 9.84948e+12 1.00386e+13 9.97933e+12 9.96014e+12 1.99765e+13
 2800 1.24e+13 1.23931e+13 1.22278e+13 1.24716e+13 1.22183e+13 1.2474e+13 1.2388e+13 1.23689e+13 2.48956e+13
 3200 1.49331e+13 1.49259e+13 1.47086e+13 1.49958e+13 1.46859e+13 1.50079e+13 1.48965e+13 1.48803e+13 3.00417e+13
 3600 1.75629e+13 1.75486e+13 1.7274e+13 1.76059e+13 1.72336e+13 1.76218e+13 1.74871e+13 1.7477e+13 3.53851e+13
 4000 2.02718e+13 2.0251e+13 1.99119e+13 2.02872e+13 1.98515e+13 2.03028e+13 2.01472e+13 2.01463e+13 4.09009e+13
 4400 2.30499e+13 2.30166e+13 2.26133e+13 2.30227e+13 2.25293e+13 2.30415e+13 2.28645e+13 2.2876e+13 4.65662e+13
 4800 2.58835e+13 2.58374e+13 2.53648e+13 2.5811e+13 2.52582e+13 2.58269e+13 2.5632e+13 2.56573e+13 5.23581e+13
 5200 2.87652e+13 2.87046e+13 2.81621e+13 2.86505e+13 2.80309e+13 2.86517e+13 2.84444e+13 2.84842e+13 5.82674e+13
 5600 3.16872e+13 3.16113e+13 3.09993e+13 3.1535e+13 3.08392e+13 3.15085e+13 3.12942e+13 3.13496e+13 6.42775e+13
 6000 3.46418e+13 3.45527e+13 3.3861e+13 3.44585e+13 3.36784e+13 3.43936e+13 3.41768e+13 3.42468e+13 7.03764e+13
 6400 3.76251e+13 3.75259e+13 3.67469e+13 3.74188e+13 3.65425e+13 3.73049e+13 3.70887e+13 3.7173e+13 7.65567e+13
 6800 4.06382e+13 4.05302e+13 3.96572e+13 4.04103e+13 3.94242e+13 4.02342e+13 4.00229e+13 4.01238e+13 8.28181e+13
 7200 4.36736e+13 4.35631e+13 4.25866e+13 4.34276e+13 4.23232e+13 4.31825e+13 4.29778e+13 4.30964e+13 8.91532e+13
 7600 4.67292e+13 4.66269e+13 4.55388e+13 4.64697e+13 4.52406e+13 4.61447e+13 4.59517e+13 4.60903e+13 9.55568e+13
 8000 4.98013e+13 4.97162e+13 4.85144e+13 4.95361e+13 4.81682e+13 4.91234e+13 4.89426e+13 4.91031e+13 1.02025e+14
 8000 4.92412e+13 4.93314e+13 4.90915e+13 4.9698e+13 4.81504e+13 4.95969e+13 4.91484e+13 4.91776e+13 1.02424e+14
 16000 1.12232e+14 1.1394e+14 1.11996e+14 1.13361e+14 1.08599e+14 1.10794e+14 1.10918e+14 1.1164e+14 2.40944e+14
 24000 1.76602e+14 1.79588e+14 1.78051e+14 1.80599e+14 1.70104e+14 1.72464e+14 1.74389e+14 1.75866e+14 3.90307e+14
 32000 2.41006e+14 2.45349e+14 2.48094e+14 2.47799e+14 2.32776e+14 2.34304e+14 2.38293e+14 2.40902e+14 5.49629e+14
 40000 3.05833e+14 3.12563e+14 3.21233e+14 3.13915e+14 2.9707e+14 2.97038e+14 3.02674e+14 3.06888e+14 7.16651e+14
 48000 3.71862e+14 3.80246e+14 3.95372e+14 3.80232e+14 3.6197e+14 3.60764e+14 3.67656e+14 3.73591e+14 8.93301e+14
 56000 4.38217e+14 4.49249e+14 4.68718e+14 4.4665e+14 4.26939e+14 4.23757e+14 4.32449e+14 4.40294e+14 1.07394e+15
 64000 5.07783e+14 5.20927e+14 5.42265e+14 5.11618e+14 4.92377e+14 4.86074e+14 4.9669e+14 5.07477e+14 1.25777e+15
 72000 5.79153e+14 5.93432e+14 6.17423e+14 5.74863e+14 5.5756e+14 5.4711e+14 5.59844e+14 5.74574e+14 1.44289e+15
 80000 6.49845e+14 6.67909e+14 6.9072e+14 6.36669e+14 6.23888e+14 6.05806e+14 6.22121e+14 6.41069e+14 1.62864e+15
 88000 7.20331e+14 7.44102e+14 7.63932e+14 6.98439e+14 6.91116e+14 6.63886e+14 6.8448e+14 7.07804e+14 1.81726e+15
 96000 7.91102e+14 8.21625e+14 8.37609e+14 7.61046e+14 7.58903e+14 7.22192e+14 7.4738e+14 7.7514e+14 2.00908e+15
 104000 8.6135e+14 8.98726e+14 9.11329e+14 8.2217e+14 8.25252e+14 7.81911e+14 8.09778e+14 8.42054e+14 2.20341e+15
 112000 9.33462e+14 9.74928e+14 9.85411e+14 8.80902e+14 8.91184e+14 8.40261e+14 8.70782e+14 9.08309e+14 2.40073e+15
 120000 1.00758e+15 1.05196e+15 1.05934e+15 9.37982e+14 9.57708e+14 8.99643e+14 9.31778e+14 9.74917e+14 2.60296e+15
 128000 1.08444e+15 1.1293e+15 1.13313e+15 9.96383e+14 1.02448e+15 9.57969e+14 9.92944e+14 1.04202e+15 2.8072e+15
 136000 1.16305e+15 1.2053e+15 1.20621e+15 1.05439e+15 1.09231e+15 1.0176e+15 1.05477e+15 1.10947e+15 3.01482e+15
 144000 1.24356e+15 1.28291e+15 1.27923e+15 1.11283e+15 1.16032e+15 1.0781e+15 1.11708e+15 1.17768e+15 3.22118e+15
 152000 1.32458e+15 1.36144e+15 1.35189e+15 1.16996e+15 1.22796e+15 1.13837e+15 1.17876e+15 1.24565e+15 3.42804e+15
 160000 1.40604e+15 1.43984e+15 1.42441e+15 1.2256e+15 1.29371e+15 1.19821e+15 1.23917e+15 1.31288e+15 3.63633e+15
 160000 1.28779e+15 1.50558e+15 1.57161e+15 1.27004e+15 1.34249e+15 1.2037e+15 1.27208e+15 1.34524e+15 3.41816e+15
 320000 2.93297e+15 2.89427e+15 2.99922e+15 2.34905e+15 2.60024e+15 2.35638e+15 2.43523e+15 2.638e+15 8.21081e+15
 480000 4.74347e+15 4.27889e+15 4.60185e+15 3.54616e+15 3.97332e+15 3.5046e+15 3.6747e+15 4.02138e+15 1.37223e+16
 640000 6.8356e+15 5.68031e+15 6.22414e+15 4.53649e+15 5.25208e+15 4.79604e+15 4.86154e+15 5.4156e+15 1.9712e+16
 800000 9.21964e+15 7.24813e+15 7.71814e+15 5.4582e+15 6.52484e+15 5.76251e+15 5.91518e+15 6.7739e+15 2.58427e+16
 960000 1.18045e+16 8.97646e+15 9.59911e+15 6.56362e+15 7.72865e+15 6.91122e+15 7.06783e+15 8.29137e+15 3.14025e+16
 1.12e+06 1.4384e+16 1.05519e+16 1.13987e+16 7.63492e+15 8.52109e+15 8.29663e+15 8.15088e+15 9.73513e+15 3.66404e+16
 1.28e+06 1.76366e+16 1.25231e+16 1.34807e+16 8.68498e+15 9.13727e+15 9.7344e+15 9.18555e+15 1.133e+16 4.22131e+16
 1.44e+06 2.11878e+16 1.4577e+16 1.5201e+16 9.55901e+15 9.59746e+15 1.11801e+16 1.01122e+16 1.28627e+16 4.76318e+16
 1.6e+06 2.47413e+16 1.65725e+16 1.69771e+16 1.04124e+16 1.03059e+16 1.25172e+16 1.10785e+16 1.44192e+16 5.30011e+16
 1.76e+06 2.8262e+16 1.87813e+16 1.88433e+16 1.14289e+16 1.1083e+16 1.38065e+16 1.21061e+16 1.60486e+16 5.81484e+16
 1.92e+06 3.20042e+16 2.09768e+16 2.07701e+16 1.2592e+16 1.18274e+16 1.53041e+16 1.32412e+16 1.77782e+16 6.36275e+16
 2.08e+06 3.60751e+16 2.35669e+16 2.25945e+16 1.39044e+16 1.24628e+16 1.69257e+16 1.4431e+16 1.96234e+16 6.85736e+16
 2.24e+06 4.04119e+16 2.61662e+16 2.4683e+16 1.52237e+16 1.32783e+16 1.86005e+16 1.57008e+16 2.15886e+16 7.36142e+16
 2.4e+06 4.52289e+16 2.89075e+16 2.6757e+16 1.68134e+16 1.40017e+16 2.00902e+16 1.69684e+16 2.36335e+16 7.90798e+16
 2.56e+06 5.02866e+16 3.16533e+16 2.88017e+16 1.85265e+16 1.46363e+16 2.13693e+16 1.81774e+16 2.5672e+16 8.52185e+16
 2.72e+06 5.56911e+16 3.47465e+16 3.12879e+16 2.00187e+16 1.52791e+16 2.26362e+16 1.93113e+16 2.78169e+16 9.15275e+16
 2.88e+06 6.11001e+16 3.81281e+16 3.38899e+16 2.13966e+16 1.63517e+16 2.38901e+16 2.05461e+16 3.00768e+16 9.78572e+16
 3.04e+06 6.67719e+16 4.14597e+16 3.65337e+16 2.26165e+16 1.75829e+16 2.52166e+16 2.18053e+16 3.23852e+16 1.04383e+17
 3.2e+06 7.27876e+16 4.49334e+16 3.92062e+16 2.41038e+16 1.87416e+16 2.66614e+16 2.31689e+16 3.4825e+16 1.10471e+17
 3.2e+06 7.01074e+16 4.0406e+16 3.95344e+16 1.89037e+16 2.57235e+16 2.86049e+16 2.44107e+16 3.46528e+16 1.15771e+17
 6.4e+06 1.9099e+17 1.41886e+17 9.78907e+16 4.79331e+16 3.89435e+16 5.02998e+16 4.57255e+16 8.48708e+16 1.66492e+17
 9.6e+06 3.5518e+17 2.55141e+17 1.82514e+17 7.04231e+16 5.23568e+16 8.30545e+16 6.86114e+16 1.46878e+17 1.58367e+17
 1.28e+07 5.88792e+17 3.17446e+17 3.06778e+17 7.62955e+16 5.69976e+16 1.19279e+17 8.41907e+16 2.1225e+17 2.68924e+17
 1.6e+07 7.90497e+17 3.09652e+17 4.4965e+17 6.53645e+16 7.0391e+16 1.27071e+17 8.76088e+16 2.59205e+17 2.46452e+17
 1.92e+07 1.09794e+18 2.90944e+17 6.43005e+17 4.38794e+16 6.32814e+16 1.59051e+17 8.87372e+16 3.24161e+17 2.60312e+17
 2.24e+07 1.37821e+18 2.51419e+17 8.26272e+17 1.9301e+16 5.47885e+16 1.87346e+17 8.71451e+16 3.79741e+17 2.83096e+17
 2.56e+07 1.73456e+18 2.00081e+17 1.02217e+18 1.30225e+16 6.34333e+16 2.16887e+17 9.7781e+16 4.52909e+17 3.54582e+17
 2.88e+07 2.15555e+18 1.69861e+17 1.20338e+18 4.04612e+16 4.82581e+16 2.14036e+17 1.00918e+17 5.31056e+17 4.82923e+17
 3.2e+07 2.51113e+18 2.23866e+17 1.24959e+18 8.32789e+16 4.29259e+16 2.23265e+17 1.1649e+17 6.01172e+17 5.24099e+17
 3.52e+07 3.24154e+18 4.79674e+17 1.26198e+18 1.22235e+17 2.68462e+16 2.10194e+17 1.19758e+17 7.3628e+17 2.75266e+17
 3.84e+07 4.0451e+18 9.31673e+17 1.10439e+18 1.1606e+17 2.30135e+16 2.96527e+17 1.452e+17 8.97941e+17 3.69468e+17
 4.16e+07 5.41774e+18 1.51015e+18 1.21913e+18 1.00017e+17 3.02935e+16 3.27528e+17 1.52613e+17 1.17784e+18 3.0299e+17
 4.48e+07 7.68958e+18 2.14474e+18 1.71222e+18 9.8905e+16 9.23819e+16 1.8981e+17 1.27032e+17 1.61576e+18 1.69832e+16
