#NOTE: MSDs should be divided by the total number of molecules (N).
#Time	MSD__wat_wat	MSD__wat_Li	MSD__wat_S	MSD__Li_Li	MSD__Li_S	MSD__S_S	
 2000 20488 2203.17 1080.04 245.142 117.775 63.4037
 4000 81661.2 8802.04 4368.44 961.536 473.641 244.085
 6000 183530 19794.8 9855.95 2152.11 1066.92 543.39
 8000 326070 35178.9 17540.5 3816.71 1897.43 961.372
 10000 509257 54951.6 27420.7 5954.97 2965.06 1497.99
 12000 733070 79110.3 39495.9 8566.83 4269.72 2153.11
 14000 997494 107653 53764.8 11652.1 5811.26 2926.69
 16000 1.30251e+06 140579 70226.6 15210.6 7589.6 3818.75
 18000 1.6481e+06 177886 88880.6 19242 9604.59 4829.2
 20000 2.03425e+06 219573 109726 23746.3 11856.2 5958
 22000 2.46095e+06 265637 132762 28723.3 14344.3 7205.13
 24000 2.92818e+06 316078 157986 34172.8 17068.7 8570.59
 26000 3.43592e+06 370891 185400 40094.3 20029.5 10054.2
 28000 3.98415e+06 430077 215000 46487.7 23226.3 11656.1
 30000 4.57286e+06 493632 246787 53352.9 26659.2 13375.9
 32000 5.20202e+06 561556 280759 60690 30328 15213.9
 34000 5.87161e+06 633845 316916 68498.2 34232.7 17169.9
 36000 6.58163e+06 710498 355256 76777.6 38373.2 19243.9
 38000 7.33206e+06 791514 395779 85528.2 42749.4 21435.8
 40000 8.12288e+06 876892 438485 94749.6 47361.1 23745.5
 40000 8.13624e+06 878312 439215 94899.1 47439.6 23785.7
 80000 3.24555e+07 3.50386e+06 1.75267e+06 378439 189266 94789.5
 120000 7.2861e+07 7.86607e+06 3.93513e+06 849464 424912 212741
 160000 1.29254e+08 1.39542e+07 6.98112e+06 1.50682e+06 753780 377333
 200000 2.01581e+08 2.17626e+07 1.08881e+07 2.34989e+06 1.17559e+06 588438
 240000 2.89713e+08 3.12775e+07 1.56488e+07 3.37722e+06 1.6896e+06 845667
 280000 3.93518e+08 4.24844e+07 2.12558e+07 4.58722e+06 2.29496e+06 1.14859e+06
 320000 5.12917e+08 5.53753e+07 2.77051e+07 5.97903e+06 2.99128e+06 1.497e+06
 360000 6.47766e+08 6.99344e+07 3.4989e+07 7.551e+06 3.77771e+06 1.89049e+06
 400000 7.98034e+08 8.61589e+07 4.31061e+07 9.30283e+06 4.65414e+06 2.32902e+06
 440000 9.63647e+08 1.0404e+08 5.20523e+07 1.12336e+07 5.62011e+06 2.81235e+06
 480000 1.14449e+09 1.23567e+08 6.18222e+07 1.3342e+07 6.67502e+06 3.34021e+06
 520000 1.34044e+09 1.44724e+08 7.24078e+07 1.56265e+07 7.81801e+06 3.91213e+06
 560000 1.55136e+09 1.67498e+08 8.38018e+07 1.80856e+07 9.04832e+06 4.52772e+06
 600000 1.77719e+09 1.91882e+08 9.60027e+07 2.07186e+07 1.03658e+07 5.18696e+06
 640000 2.01795e+09 2.17879e+08 1.09009e+08 2.35257e+07 1.17702e+07 5.88969e+06
 680000 2.27343e+09 2.45465e+08 1.22811e+08 2.65043e+07 1.32605e+07 6.63536e+06
 720000 2.54352e+09 2.74628e+08 1.37402e+08 2.96533e+07 1.4836e+07 7.42365e+06
 760000 2.82821e+09 3.05368e+08 1.52781e+08 3.29726e+07 1.64965e+07 8.25445e+06
 800000 3.12747e+09 3.37679e+08 1.68945e+08 3.64614e+07 1.82419e+07 9.12767e+06
 800000 3.08265e+09 3.32847e+08 1.66502e+08 3.59405e+07 1.79784e+07 8.99456e+06
 1.6e+06 1.19646e+10 1.2918e+09 6.46165e+08 1.39477e+08 6.97664e+07 3.48993e+07
 2.4e+06 2.56893e+10 2.77411e+09 1.38753e+09 2.9957e+08 1.49836e+08 7.49464e+07
 3.2e+06 4.29853e+10 4.6423e+09 2.32165e+09 5.0136e+08 2.50733e+08 1.25397e+08
 4e+06 6.3254e+10 6.83151e+09 3.41663e+09 7.37819e+08 3.69003e+08 1.84553e+08
 4.8e+06 8.5778e+10 9.26411e+09 4.63341e+09 1.00054e+09 5.00416e+08 2.50285e+08
 5.6e+06 1.08702e+11 1.17404e+10 5.87119e+09 1.26804e+09 6.34125e+08 3.17119e+08
 6.4e+06 1.29332e+11 1.39697e+10 6.98626e+09 1.50894e+09 7.54622e+08 3.77393e+08
 7.2e+06 1.46566e+11 1.58322e+10 7.91751e+09 1.71021e+09 8.55259e+08 4.27712e+08
 8e+06 1.59762e+11 1.72589e+10 8.6311e+09 1.86447e+09 9.32413e+08 4.66302e+08
 8.8e+06 1.6986e+11 1.83503e+10 9.17761e+09 1.98244e+09 9.91485e+08 4.95881e+08
 9.6e+06 1.78509e+11 1.92856e+10 9.64677e+09 2.08359e+09 1.04222e+09 5.21333e+08
 1.04e+07 1.86192e+11 2.01152e+10 1.00622e+10 2.17318e+09 1.08708e+09 5.43797e+08
 1.12e+07 1.93439e+11 2.08972e+10 1.04545e+10 2.25755e+09 1.12942e+09 5.65036e+08
 1.2e+07 2.00752e+11 2.16868e+10 1.08502e+10 2.34281e+09 1.17214e+09 5.86447e+08
 1.28e+07 2.08339e+11 2.25063e+10 1.12614e+10 2.43134e+09 1.21655e+09 6.08731e+08
 1.36e+07 2.164e+11 2.3378e+10 1.1698e+10 2.5256e+09 1.26377e+09 6.32382e+08
 1.44e+07 2.25075e+11 2.43158e+10 1.21681e+10 2.62698e+09 1.31459e+09 6.57855e+08
 1.52e+07 2.34476e+11 2.5331e+10 1.26754e+10 2.7366e+09 1.36937e+09 6.8523e+08
 1.6e+07 2.4469e+11 2.64353e+10 1.32259e+10 2.85601e+09 1.42889e+09 7.14905e+08
 1.6e+07 4.64606e+11 5.02037e+10 2.51107e+10 5.4249e+09 2.71339e+09 1.35719e+09
 3.2e+07 9.28656e+11 1.00348e+11 5.0263e+10 1.08433e+10 5.4313e+09 2.72049e+09
