#NOTE: MSDs should be divided by the temperature.
#NOTE: MSDs have been divided by 2 or 10 (i.e., the viscosity computed from all components).
#Time	MSD_xx	MSD_yy	MSD_zz	MSD_xy	MSD_xz	MSD_yz	MSD_off	MSD_all	MSD_bulkvisc
 20 8.14515e+09 8.17304e+09 8.15144e+09 8.19972e+09 8.18831e+09 8.2179e+09 8.20198e+09 8.1838e+09 1.02062e+10
 40 2.56877e+10 2.57862e+10 2.57064e+10 2.58774e+10 2.58501e+10 2.59738e+10 2.59004e+10 2.5831e+10 3.61176e+10
 60 4.69961e+10 4.71683e+10 4.70205e+10 4.73579e+10 4.73132e+10 4.75923e+10 4.74211e+10 4.72773e+10 7.22618e+10
 80 7.05938e+10 7.08079e+10 7.06012e+10 7.11538e+10 7.10341e+10 7.15445e+10 7.12442e+10 7.10136e+10 1.16149e+11
 100 9.50875e+10 9.529e+10 9.50402e+10 9.58669e+10 9.55989e+10 9.64229e+10 9.59629e+10 9.56334e+10 1.67221e+11
 120 1.20193e+11 1.20351e+11 1.2007e+11 1.21211e+11 1.2075e+11 1.21971e+11 1.21311e+11 1.20868e+11 2.2475e+11
 140 1.4725e+11 1.47345e+11 1.47045e+11 1.48533e+11 1.47853e+11 1.49556e+11 1.48647e+11 1.48074e+11 2.87117e+11
 160 1.76916e+11 1.76929e+11 1.76615e+11 1.78511e+11 1.77602e+11 1.79852e+11 1.78655e+11 1.77921e+11 3.52927e+11
 180 2.08946e+11 2.08861e+11 2.08539e+11 2.10908e+11 2.09751e+11 2.12623e+11 2.11094e+11 2.10169e+11 4.21956e+11
 200 2.43156e+11 2.42954e+11 2.42642e+11 2.4555e+11 2.44093e+11 2.47681e+11 2.45775e+11 2.44632e+11 4.9459e+11
 220 2.79443e+11 2.79096e+11 2.78804e+11 2.82311e+11 2.80497e+11 2.84887e+11 2.82565e+11 2.81185e+11 5.70681e+11
 240 3.17619e+11 3.17107e+11 3.16834e+11 3.20989e+11 3.18777e+11 3.24037e+11 3.21268e+11 3.19635e+11 6.49475e+11
 260 3.57568e+11 3.56883e+11 3.56619e+11 3.61469e+11 3.58817e+11 3.65019e+11 3.61768e+11 3.5987e+11 7.30475e+11
 280 3.99193e+11 3.98346e+11 3.98054e+11 4.03651e+11 4.00547e+11 4.07737e+11 4.03978e+11 4.01799e+11 8.13856e+11
 300 4.42372e+11 4.41382e+11 4.41029e+11 4.47424e+11 4.43863e+11 4.52084e+11 4.4779e+11 4.45312e+11 8.99984e+11
 320 4.87038e+11 4.85913e+11 4.85486e+11 4.92742e+11 4.88677e+11 4.97988e+11 4.93136e+11 4.9034e+11 9.88821e+11
 340 5.33181e+11 5.31928e+11 5.31404e+11 5.39602e+11 5.34976e+11 5.45434e+11 5.40004e+11 5.36871e+11 1.08004e+12
 360 5.80821e+11 5.79431e+11 5.78803e+11 5.88026e+11 5.8278e+11 5.94437e+11 5.88414e+11 5.84923e+11 1.17354e+12
 380 6.29969e+11 6.28442e+11 6.27704e+11 6.38033e+11 6.32086e+11 6.45009e+11 6.38376e+11 6.34508e+11 1.26953e+12
 400 6.80597e+11 6.78949e+11 6.78084e+11 6.89589e+11 6.82856e+11 6.97116e+11 6.89854e+11 6.85596e+11 1.36825e+12
 400 6.83692e+11 6.80002e+11 6.79678e+11 6.879e+11 6.83547e+11 6.97595e+11 6.8968e+11 6.86258e+11 1.36973e+12
 800 1.95183e+12 1.94863e+12 1.94271e+12 1.98272e+12 1.95137e+12 2.00205e+12 1.97871e+12 1.96632e+12 3.86958e+12
 1200 3.58999e+12 3.58901e+12 3.56406e+12 3.6591e+12 3.57925e+12 3.68984e+12 3.64273e+12 3.61805e+12 7.13436e+12
 1600 5.49353e+12 5.49506e+12 5.43427e+12 5.60359e+12 5.46097e+12 5.64988e+12 5.57148e+12 5.5326e+12 1.09611e+13
 2000 7.5989e+12 7.59243e+12 7.49399e+12 7.76037e+12 7.53662e+12 7.82611e+12 7.7077e+12 7.64933e+12 1.52029e+13
 2400 9.85227e+12 9.83762e+12 9.6956e+12 1.00779e+13 9.75832e+12 1.01735e+13 1.00033e+13 9.92002e+12 1.97673e+13
 2800 1.22294e+13 1.22056e+13 1.20107e+13 1.25212e+13 1.20978e+13 1.26548e+13 1.24246e+13 1.23142e+13 2.45863e+13
 3200 1.47043e+13 1.46782e+13 1.44244e+13 1.50678e+13 1.45316e+13 1.52336e+13 1.49443e+13 1.48075e+13 2.96144e+13
 3600 1.72669e+13 1.72331e+13 1.69213e+13 1.76998e+13 1.70502e+13 1.78886e+13 1.75462e+13 1.73839e+13 3.48319e+13
 4000 1.99029e+13 1.98634e+13 1.94883e+13 2.0409e+13 1.96411e+13 2.06168e+13 2.02223e+13 2.0034e+13 4.0221e+13
 4400 2.26041e+13 2.25511e+13 2.21178e+13 2.31807e+13 2.22932e+13 2.34069e+13 2.29603e+13 2.27459e+13 4.57509e+13
 4800 2.53507e+13 2.52899e+13 2.48021e+13 2.60131e+13 2.49979e+13 2.62538e+13 2.57549e+13 2.5512e+13 5.14002e+13
 5200 2.81355e+13 2.80687e+13 2.75304e+13 2.88984e+13 2.77419e+13 2.91452e+13 2.85952e+13 2.83217e+13 5.71671e+13
 5600 3.09528e+13 3.08837e+13 3.02957e+13 3.18239e+13 3.05086e+13 3.20682e+13 3.14669e+13 3.11644e+13 6.30287e+13
 6000 3.38045e+13 3.37309e+13 3.30876e+13 3.47913e+13 3.32972e+13 3.50257e+13 3.43714e+13 3.40393e+13 6.89732e+13
 6400 3.66874e+13 3.6606e+13 3.58995e+13 3.77954e+13 3.61088e+13 3.80127e+13 3.73056e+13 3.69424e+13 7.4994e+13
 6800 3.95988e+13 3.95054e+13 3.87312e+13 4.08324e+13 3.89309e+13 4.10196e+13 4.0261e+13 3.9868e+13 8.10952e+13
 7200 4.25348e+13 4.24223e+13 4.15793e+13 4.38947e+13 4.17645e+13 4.40487e+13 4.3236e+13 4.28131e+13 8.72685e+13
 7600 4.54905e+13 4.53549e+13 4.4445e+13 4.69804e+13 4.46132e+13 4.70954e+13 4.62296e+13 4.57765e+13 9.3529e+13
 8000 4.8465e+13 4.82993e+13 4.73283e+13 5.00864e+13 4.74693e+13 5.0156e+13 4.92372e+13 4.87547e+13 9.98754e+13
 8000 4.85686e+13 4.80681e+13 4.83116e+13 5.08079e+13 4.67357e+13 5.01548e+13 4.92328e+13 4.88661e+13 1.00041e+14
 16000 1.09287e+14 1.08219e+14 1.0873e+14 1.15306e+14 1.05142e+14 1.12917e+14 1.11121e+14 1.10171e+14 2.40742e+14
 24000 1.7133e+14 1.69387e+14 1.71872e+14 1.84246e+14 1.65256e+14 1.76816e+14 1.75439e+14 1.73609e+14 3.94034e+14
 32000 2.35443e+14 2.31365e+14 2.37941e+14 2.5199e+14 2.26837e+14 2.40887e+14 2.39905e+14 2.37909e+14 5.56678e+14
 40000 2.98784e+14 2.93283e+14 3.04718e+14 3.18514e+14 2.90206e+14 3.05679e+14 3.048e+14 3.02451e+14 7.33723e+14
 48000 3.64407e+14 3.55588e+14 3.71842e+14 3.87049e+14 3.53138e+14 3.71699e+14 3.70629e+14 3.67956e+14 9.25078e+14
 56000 4.29087e+14 4.17116e+14 4.36602e+14 4.55968e+14 4.15504e+14 4.36378e+14 4.3595e+14 4.32611e+14 1.11998e+15
 64000 4.98526e+14 4.81908e+14 5.01707e+14 5.25799e+14 4.77241e+14 4.98555e+14 5.00532e+14 4.97938e+14 1.31555e+15
 72000 5.7032e+14 5.47611e+14 5.68201e+14 5.94767e+14 5.3786e+14 5.58724e+14 5.63784e+14 5.63088e+14 1.51105e+15
 80000 6.40789e+14 6.14964e+14 6.33805e+14 6.62427e+14 5.98178e+14 6.16675e+14 6.2576e+14 6.27397e+14 1.70333e+15
 88000 7.10308e+14 6.8425e+14 6.9909e+14 7.31268e+14 6.58015e+14 6.73452e+14 6.87578e+14 6.917e+14 1.89755e+15
 96000 7.78467e+14 7.56205e+14 7.65037e+14 8.01712e+14 7.17455e+14 7.2963e+14 7.49599e+14 7.56387e+14 2.09094e+15
 104000 8.46361e+14 8.28544e+14 8.32946e+14 8.71641e+14 7.76251e+14 7.88928e+14 8.12273e+14 8.21744e+14 2.28471e+15
 112000 9.14721e+14 8.98919e+14 9.03551e+14 9.39766e+14 8.36693e+14 8.46371e+14 8.74276e+14 8.86858e+14 2.47572e+15
 120000 9.83034e+14 9.69823e+14 9.77351e+14 1.00573e+15 8.9843e+14 9.05029e+14 9.36396e+14 9.52532e+14 2.66951e+15
 128000 1.05279e+15 1.04019e+15 1.0513e+15 1.07356e+15 9.60567e+14 9.63483e+14 9.99202e+14 1.01876e+15 2.86389e+15
 136000 1.1239e+15 1.10826e+15 1.12428e+15 1.13944e+15 1.02418e+15 1.02195e+15 1.06186e+15 1.08464e+15 3.05918e+15
 144000 1.19719e+15 1.17936e+15 1.1985e+15 1.2058e+15 1.08997e+15 1.08005e+15 1.12528e+15 1.15184e+15 3.25232e+15
 152000 1.27239e+15 1.25399e+15 1.27305e+15 1.27144e+15 1.15488e+15 1.13692e+15 1.18775e+15 1.21924e+15 3.44391e+15
 160000 1.34611e+15 1.32874e+15 1.34733e+15 1.33382e+15 1.21719e+15 1.19405e+15 1.24835e+15 1.2853e+15 3.63116e+15
 160000 1.08779e+15 1.29603e+15 1.44528e+15 1.54002e+15 1.208e+15 1.26703e+15 1.33835e+15 1.31356e+15 3.32321e+15
 320000 2.41835e+15 2.58987e+15 2.71705e+15 2.54881e+15 2.28712e+15 2.39945e+15 2.4118e+15 2.47711e+15 7.54478e+15
 480000 3.75091e+15 3.86257e+15 4.39014e+15 3.57616e+15 3.32124e+15 3.37767e+15 3.42502e+15 3.6555e+15 1.27683e+16
 640000 5.29878e+15 5.2368e+15 5.93203e+15 4.18944e+15 4.39278e+15 4.50504e+15 4.36242e+15 4.81313e+15 1.77372e+16
 800000 6.79483e+15 6.94252e+15 7.18123e+15 5.07645e+15 5.49829e+15 5.09564e+15 5.22346e+15 5.92322e+15 2.31835e+16
 960000 8.38351e+15 8.68481e+15 8.87664e+15 6.41176e+15 6.6664e+15 5.92327e+15 6.33381e+15 7.25961e+15 2.87494e+16
 1.12e+06 1.00869e+16 1.03478e+16 1.0509e+16 7.41147e+15 7.66218e+15 6.98873e+15 7.35412e+15 8.5383e+15 3.41095e+16
 1.28e+06 1.23777e+16 1.23088e+16 1.25037e+16 8.52389e+15 8.75223e+15 8.17077e+15 8.4823e+15 1.00481e+16 4.03032e+16
 1.44e+06 1.47251e+16 1.39824e+16 1.42909e+16 9.21981e+15 9.7173e+15 9.48878e+15 9.4753e+15 1.14183e+16 4.68244e+16
 1.6e+06 1.70409e+16 1.525e+16 1.62541e+16 9.79655e+15 1.08377e+16 1.07719e+16 1.04687e+16 1.27539e+16 5.39013e+16
 1.76e+06 1.94401e+16 1.64203e+16 1.81017e+16 1.05794e+16 1.19454e+16 1.2425e+16 1.16499e+16 1.41849e+16 6.05796e+16
 1.92e+06 2.2089e+16 1.79038e+16 2.01316e+16 1.11819e+16 1.27642e+16 1.43797e+16 1.27753e+16 1.56817e+16 6.73512e+16
 2.08e+06 2.47345e+16 1.98596e+16 2.20303e+16 1.20309e+16 1.33104e+16 1.64177e+16 1.39196e+16 1.7235e+16 7.30438e+16
 2.24e+06 2.74158e+16 2.18567e+16 2.42947e+16 1.27025e+16 1.42208e+16 1.84867e+16 1.51367e+16 1.8891e+16 7.87006e+16
 2.4e+06 3.04691e+16 2.40357e+16 2.63523e+16 1.3885e+16 1.51876e+16 2.03107e+16 1.64611e+16 2.06576e+16 8.4589e+16
 2.56e+06 3.36287e+16 2.60861e+16 2.82529e+16 1.53958e+16 1.61147e+16 2.21211e+16 1.78772e+16 2.24553e+16 9.13401e+16
 2.72e+06 3.70967e+16 2.84642e+16 3.06425e+16 1.67884e+16 1.70366e+16 2.41551e+16 1.93267e+16 2.44232e+16 9.82107e+16
 2.88e+06 4.01308e+16 3.08853e+16 3.25246e+16 1.81236e+16 1.80974e+16 2.61642e+16 2.0795e+16 2.62825e+16 1.04345e+17
 3.04e+06 4.32171e+16 3.37555e+16 3.46861e+16 1.90684e+16 1.91997e+16 2.84418e+16 2.22367e+16 2.82298e+16 1.10365e+17
 3.2e+06 4.61448e+16 3.66586e+16 3.6085e+16 2.05561e+16 2.01621e+16 3.10463e+16 2.39215e+16 3.02047e+16 1.15493e+17
 3.2e+06 3.36797e+16 3.61152e+16 2.59317e+16 1.69209e+16 2.97703e+16 2.46941e+16 2.37951e+16 2.70406e+16 9.1417e+16
 6.4e+06 7.66167e+16 1.22173e+17 4.80321e+16 5.10212e+16 4.11441e+16 9.0497e+16 6.08875e+16 6.9442e+16 1.48653e+17
 9.6e+06 1.14631e+17 2.18813e+17 5.19459e+16 9.90772e+16 9.74029e+16 2.02513e+17 1.32998e+17 1.31184e+17 7.16325e+16
 1.28e+07 1.51425e+17 2.76089e+17 2.63354e+16 1.47877e+17 4.99878e+16 3.24766e+17 1.7421e+17 1.65039e+17 2.06932e+17
 1.6e+07 1.91805e+17 2.47911e+17 1.5627e+16 1.71406e+17 7.62764e+16 3.86307e+17 2.1133e+17 1.87511e+17 2.11275e+17
 1.92e+07 4.57272e+17 2.72831e+17 2.36811e+16 1.15313e+17 6.70874e+16 3.01234e+17 1.61212e+17 1.97232e+17 5.32244e+16
