#NOTE: MSDs should be divided by the temperature.
#NOTE: MSDs have been divided by 2 or 10 (i.e., the viscosity computed from all components).
#Time	MSD_xx	MSD_yy	MSD_zz	MSD_xy	MSD_xz	MSD_yz	MSD_off	MSD_all	MSD_bulkvisc
 20 8.14651e+09 8.14547e+09 8.18835e+09 8.19112e+09 8.18089e+09 8.1912e+09 8.18774e+09 8.17669e+09 1.03213e+10
 40 2.57049e+10 2.56846e+10 2.5861e+10 2.58478e+10 2.58294e+10 2.5871e+10 2.58494e+10 2.58097e+10 3.65911e+10
 60 4.69772e+10 4.69351e+10 4.73689e+10 4.72683e+10 4.7302e+10 4.7393e+10 4.73211e+10 4.72302e+10 7.33408e+10
 80 7.0424e+10 7.03857e+10 7.11904e+10 7.09326e+10 7.11011e+10 7.1267e+10 7.11003e+10 7.09268e+10 1.18063e+11
 100 9.46775e+10 9.46721e+10 9.58858e+10 9.54157e+10 9.58256e+10 9.60834e+10 9.57749e+10 9.54963e+10 1.70154e+11
 120 1.1947e+11 1.19509e+11 1.21156e+11 1.2042e+11 1.21169e+11 1.21564e+11 1.21051e+11 1.20649e+11 2.28843e+11
 140 1.4612e+11 1.46235e+11 1.48353e+11 1.47312e+11 1.48459e+11 1.49057e+11 1.48276e+11 1.47727e+11 2.92471e+11
 160 1.75286e+11 1.75537e+11 1.78152e+11 1.7676e+11 1.78347e+11 1.79223e+11 1.7811e+11 1.77396e+11 3.59623e+11
 180 2.06772e+11 2.07175e+11 2.10349e+11 2.08556e+11 2.10563e+11 2.11829e+11 2.10316e+11 2.09429e+11 4.30048e+11
 200 2.40425e+11 2.4092e+11 2.4479e+11 2.42543e+11 2.44933e+11 2.46704e+11 2.44726e+11 2.43654e+11 5.04091e+11
 220 2.76153e+11 2.76643e+11 2.81353e+11 2.78599e+11 2.81343e+11 2.8373e+11 2.81224e+11 2.79954e+11 5.81597e+11
 240 3.13732e+11 3.1415e+11 3.19839e+11 3.1653e+11 3.19596e+11 3.22708e+11 3.19611e+11 3.1813e+11 6.61821e+11
 260 3.53e+11 3.53297e+11 3.60156e+11 3.56188e+11 3.59571e+11 3.63485e+11 3.59748e+11 3.58042e+11 7.4431e+11
 280 3.93838e+11 3.93997e+11 4.02232e+11 3.97456e+11 4.01167e+11 4.05968e+11 4.0153e+11 3.99594e+11 8.29269e+11
 300 4.36119e+11 4.36147e+11 4.45944e+11 4.40234e+11 4.4428e+11 4.5008e+11 4.44865e+11 4.4268e+11 9.17053e+11
 320 4.79772e+11 4.79663e+11 4.91215e+11 4.84474e+11 4.88883e+11 4.95774e+11 4.8971e+11 4.87246e+11 1.0076e+12
 340 5.24819e+11 5.24528e+11 5.38047e+11 5.30164e+11 5.35006e+11 5.42999e+11 5.36056e+11 5.33287e+11 1.10056e+12
 360 5.71303e+11 5.70823e+11 5.86482e+11 5.7737e+11 5.82679e+11 5.91758e+11 5.83936e+11 5.80843e+11 1.1958e+12
 380 6.1922e+11 6.18534e+11 6.36504e+11 6.26131e+11 6.3188e+11 6.42099e+11 6.3337e+11 6.29923e+11 1.29356e+12
 400 6.68514e+11 6.67629e+11 6.88094e+11 6.76405e+11 6.82589e+11 6.93992e+11 6.84329e+11 6.80495e+11 1.39409e+12
 400 6.6754e+11 6.63806e+11 6.89655e+11 6.76252e+11 6.84074e+11 6.91558e+11 6.83962e+11 6.79844e+11 1.39165e+12
 800 1.89583e+12 1.89874e+12 1.99549e+12 1.93568e+12 1.95612e+12 1.99745e+12 1.96308e+12 1.94986e+12 3.93606e+12
 1200 3.48138e+12 3.50418e+12 3.71016e+12 3.56366e+12 3.60493e+12 3.69083e+12 3.61981e+12 3.59798e+12 7.28541e+12
 1600 5.32806e+12 5.38112e+12 5.73286e+12 5.45441e+12 5.51348e+12 5.65721e+12 5.5417e+12 5.51729e+12 1.11956e+13
 2000 7.37089e+12 7.46611e+12 7.98938e+12 7.55107e+12 7.62344e+12 7.82759e+12 7.66737e+12 7.64394e+12 1.55352e+13
 2400 9.56186e+12 9.70422e+12 1.0408e+13 9.80384e+12 9.89881e+12 1.01638e+13 9.95548e+12 9.92984e+12 2.022e+13
 2800 1.18608e+13 1.20672e+13 1.29555e+13 1.21906e+13 1.23092e+13 1.26334e+13 1.23777e+13 1.23444e+13 2.51841e+13
 3200 1.4238e+13 1.45165e+13 1.5606e+13 1.46763e+13 1.48315e+13 1.52082e+13 1.49053e+13 1.48579e+13 3.04208e+13
 3600 1.66712e+13 1.70317e+13 1.8341e+13 1.72292e+13 1.74529e+13 1.78584e+13 1.75135e+13 1.74473e+13 3.58771e+13
 4000 1.9137e+13 1.95926e+13 2.11538e+13 1.98352e+13 2.01687e+13 2.05808e+13 2.01949e+13 2.01014e+13 4.15031e+13
 4400 2.16243e+13 2.21907e+13 2.40375e+13 2.24894e+13 2.29742e+13 2.33524e+13 2.29387e+13 2.28102e+13 4.72749e+13
 4800 2.41369e+13 2.48257e+13 2.69947e+13 2.51738e+13 2.58559e+13 2.61628e+13 2.57308e+13 2.55662e+13 5.31567e+13
 5200 2.66791e+13 2.74966e+13 3.00098e+13 2.78873e+13 2.88043e+13 2.90186e+13 2.85701e+13 2.83668e+13 5.91084e+13
 5600 2.92339e+13 3.01998e+13 3.30711e+13 3.06382e+13 3.18204e+13 3.19123e+13 3.1457e+13 3.12081e+13 6.51273e+13
 6000 3.18217e+13 3.29332e+13 3.61726e+13 3.34315e+13 3.48972e+13 3.48376e+13 3.43888e+13 3.40903e+13 7.12191e+13
 6400 3.44394e+13 3.57091e+13 3.9315e+13 3.62735e+13 3.80148e+13 3.77878e+13 3.73587e+13 3.70104e+13 7.7373e+13
 6800 3.70806e+13 3.85177e+13 4.24907e+13 3.91605e+13 4.11539e+13 4.07559e+13 4.03567e+13 3.99592e+13 8.35945e+13
 7200 3.97476e+13 4.13636e+13 4.57022e+13 4.20833e+13 4.43163e+13 4.37412e+13 4.33803e+13 4.29366e+13 8.98625e+13
 7600 4.24463e+13 4.42501e+13 4.89446e+13 4.50249e+13 4.75124e+13 4.67538e+13 4.64304e+13 4.59437e+13 9.62125e+13
 8000 4.51672e+13 4.71522e+13 5.2206e+13 4.79878e+13 5.07468e+13 4.98035e+13 4.95127e+13 4.89777e+13 1.02631e+14
 8000 4.57241e+13 4.77949e+13 5.04007e+13 4.78349e+13 5.13288e+13 5.12031e+13 5.01222e+13 4.92627e+13 1.08681e+14
 16000 1.02315e+14 1.08098e+14 1.2263e+14 1.11897e+14 1.1785e+14 1.16841e+14 1.15529e+14 1.13723e+14 2.43914e+14
 24000 1.64846e+14 1.76929e+14 2.05864e+14 1.82317e+14 1.88459e+14 1.85989e+14 1.85588e+14 1.84372e+14 3.94287e+14
 32000 2.28212e+14 2.49102e+14 2.98115e+14 2.51728e+14 2.62555e+14 2.63131e+14 2.59138e+14 2.58873e+14 5.54423e+14
 40000 2.88115e+14 3.25648e+14 3.96513e+14 3.17094e+14 3.38911e+14 3.44479e+14 3.33495e+14 3.348e+14 7.34531e+14
 48000 3.55053e+14 4.06803e+14 5.02976e+14 3.77201e+14 4.14264e+14 4.24987e+14 4.05484e+14 4.11935e+14 9.15292e+14
 56000 4.2183e+14 4.91417e+14 6.09956e+14 4.31362e+14 4.95559e+14 5.03213e+14 4.76711e+14 4.89121e+14 1.09474e+15
 64000 4.87941e+14 5.80479e+14 7.14105e+14 4.77875e+14 5.84386e+14 5.83418e+14 5.48559e+14 5.66806e+14 1.27461e+15
 72000 5.52244e+14 6.68591e+14 8.15984e+14 5.18408e+14 6.74597e+14 6.6656e+14 6.19855e+14 6.43489e+14 1.47358e+15
 80000 6.12816e+14 7.54592e+14 9.21503e+14 5.5433e+14 7.65586e+14 7.5047e+14 6.90129e+14 7.19265e+14 1.68863e+15
 88000 6.76149e+14 8.42987e+14 1.03524e+15 5.86314e+14 8.57111e+14 8.33572e+14 7.58999e+14 7.95983e+14 1.91549e+15
 96000 7.4042e+14 9.33482e+14 1.15813e+15 6.20445e+14 9.53334e+14 9.24165e+14 8.32648e+14 8.77193e+14 2.14837e+15
 104000 8.10752e+14 1.02834e+15 1.28557e+15 6.62098e+14 1.04478e+15 1.02036e+15 9.09077e+14 9.62068e+14 2.39781e+15
 112000 8.79023e+14 1.12154e+15 1.41643e+15 7.04475e+14 1.13273e+15 1.11778e+15 9.84995e+14 1.0466e+15 2.66216e+15
 120000 9.44709e+14 1.22143e+15 1.54319e+15 7.49175e+14 1.21788e+15 1.22e+15 1.06235e+15 1.13199e+15 2.93883e+15
 128000 1.01143e+15 1.32111e+15 1.66761e+15 7.9295e+14 1.30166e+15 1.32398e+15 1.13953e+15 1.21707e+15 3.23501e+15
 136000 1.07649e+15 1.42362e+15 1.78615e+15 8.41761e+14 1.38507e+15 1.42808e+15 1.2183e+15 1.30248e+15 3.54886e+15
 144000 1.14159e+15 1.52901e+15 1.8997e+15 8.94962e+14 1.46822e+15 1.53196e+15 1.29838e+15 1.3884e+15 3.86048e+15
 152000 1.20751e+15 1.63096e+15 2.01466e+15 9.52535e+14 1.54785e+15 1.63077e+15 1.37705e+15 1.47332e+15 4.18327e+15
 160000 1.26832e+15 1.73634e+15 2.1272e+15 1.01732e+15 1.63322e+15 1.73175e+15 1.46076e+15 1.56071e+15 4.50526e+15
 160000 1.22401e+15 2.06003e+15 2.09423e+15 8.85358e+14 1.55649e+15 1.70015e+15 1.38067e+15 1.5455e+15 4.93301e+15
 320000 2.36978e+15 4.21693e+15 4.83551e+15 1.91492e+15 3.21802e+15 4.38858e+15 3.17384e+15 3.42726e+15 1.21692e+16
 480000 3.99417e+15 6.26693e+15 7.67498e+15 3.28928e+15 4.3103e+15 7.16654e+15 4.92204e+15 5.3447e+15 1.88812e+16
 640000 6.20565e+15 7.13424e+15 9.70708e+15 4.61639e+15 4.45837e+15 9.84683e+15 6.3072e+15 6.85725e+15 2.43878e+16
 800000 7.85781e+15 9.2227e+15 1.24036e+16 5.96307e+15 3.82676e+15 1.01442e+16 6.64467e+15 7.91802e+15 2.81126e+16
 960000 9.98704e+15 1.21803e+16 1.6402e+16 7.50797e+15 3.2961e+15 1.00595e+16 6.95451e+15 9.31528e+15 3.04621e+16
 1.12e+06 1.20615e+16 1.57169e+16 2.10698e+16 8.73513e+15 3.75874e+15 1.06627e+16 7.71886e+15 1.11444e+16 3.47911e+16
 1.28e+06 1.45888e+16 1.91253e+16 2.57009e+16 1.01749e+16 3.79807e+15 1.11002e+16 8.35773e+15 1.29366e+16 3.87256e+16
 1.44e+06 1.75899e+16 2.29601e+16 3.15285e+16 1.12199e+16 3.08642e+15 1.07754e+16 8.36058e+15 1.46268e+16 4.43139e+16
 1.6e+06 2.06664e+16 2.66497e+16 3.91042e+16 1.19898e+16 3.02632e+15 1.12595e+16 8.75852e+15 1.67778e+16 5.23008e+16
 1.76e+06 2.33594e+16 3.01527e+16 4.83254e+16 1.22526e+16 3.2366e+15 1.10865e+16 8.85857e+15 1.88935e+16 5.66523e+16
 1.92e+06 2.53948e+16 3.36564e+16 5.56655e+16 1.35286e+16 4.37868e+15 1.04375e+16 9.44826e+15 2.09645e+16 6.15024e+16
 2.08e+06 2.667e+16 3.69703e+16 6.15392e+16 1.63067e+16 5.76101e+15 9.98003e+15 1.06826e+16 2.31001e+16 6.82948e+16
 2.24e+06 2.74512e+16 3.95658e+16 6.47907e+16 1.94778e+16 6.82255e+15 9.56011e+15 1.19535e+16 2.47464e+16 7.37233e+16
 2.4e+06 2.84241e+16 4.09527e+16 6.94937e+16 2.30624e+16 6.59436e+15 1.01512e+16 1.32693e+16 2.64777e+16 7.77644e+16
 2.56e+06 3.10774e+16 4.18647e+16 7.61326e+16 2.58532e+16 6.35965e+15 1.11465e+16 1.44531e+16 2.85485e+16 7.95117e+16
 2.72e+06 3.45844e+16 4.36924e+16 8.31308e+16 2.94348e+16 5.92438e+15 1.22634e+16 1.58742e+16 3.10455e+16 7.93113e+16
 2.88e+06 3.83933e+16 4.432e+16 9.0739e+16 3.30711e+16 4.95129e+15 1.42085e+16 1.74103e+16 3.35732e+16 7.87851e+16
 3.04e+06 4.40295e+16 4.43462e+16 9.73416e+16 3.57278e+16 5.01219e+15 1.63017e+16 1.90139e+16 3.61707e+16 7.33285e+16
 3.2e+06 4.84833e+16 4.50861e+16 1.05741e+17 3.79738e+16 6.40318e+15 1.82071e+16 2.08614e+16 3.90915e+16 6.45871e+16
 3.2e+06 8.34988e+16 1.89485e+16 2.28942e+16 4.568e+15 1.363e+15 1.38689e+16 6.59997e+15 2.06722e+16 1.43406e+17
