#NOTE: MSDs should be divided by the temperature.
#NOTE: MSDs have been divided by 2 or 10 (i.e., the viscosity computed from all components).
#Time	MSD_xx	MSD_yy	MSD_zz	MSD_xy	MSD_xz	MSD_yz	MSD_off	MSD_all	MSD_bulkvisc
 20 8.32433e+09 8.21263e+09 8.23748e+09 8.15801e+09 8.20051e+09 8.19575e+09 8.18476e+09 8.21411e+09 1.0275e+10
 40 2.63981e+10 2.595e+10 2.60616e+10 2.57611e+10 2.59042e+10 2.58935e+10 2.58529e+10 2.59664e+10 3.6395e+10
 60 4.8503e+10 4.75272e+10 4.7789e+10 4.71723e+10 4.74457e+10 4.74246e+10 4.73475e+10 4.75844e+10 7.28888e+10
 80 7.3066e+10 7.14187e+10 7.18734e+10 7.08753e+10 7.13073e+10 7.12611e+10 7.11479e+10 7.15365e+10 1.17263e+11
 100 9.86464e+10 9.62321e+10 9.69003e+10 9.54683e+10 9.60742e+10 9.59962e+10 9.58462e+10 9.64116e+10 1.68944e+11
 120 1.24928e+11 1.21696e+11 1.22583e+11 1.20683e+11 1.2146e+11 1.21371e+11 1.21171e+11 1.2193e+11 2.27179e+11
 140 1.53219e+11 1.49158e+11 1.5025e+11 1.47859e+11 1.48813e+11 1.48743e+11 1.48471e+11 1.49433e+11 2.90326e+11
 160 1.84159e+11 1.79304e+11 1.80558e+11 1.77668e+11 1.78795e+11 1.78778e+11 1.78414e+11 1.79584e+11 3.56995e+11
 180 2.17485e+11 2.11894e+11 2.13259e+11 2.09877e+11 2.11159e+11 2.11235e+11 2.10757e+11 2.12139e+11 4.26983e+11
 200 2.52975e+11 2.46721e+11 2.48146e+11 2.44308e+11 2.45715e+11 2.45914e+11 2.45312e+11 2.469e+11 5.00686e+11
 220 2.90484e+11 2.83656e+11 2.85086e+11 2.80841e+11 2.82334e+11 2.82671e+11 2.81948e+11 2.83733e+11 5.77949e+11
 240 3.29787e+11 3.22505e+11 3.23867e+11 3.19278e+11 3.20809e+11 3.21295e+11 3.20461e+11 3.22431e+11 6.58003e+11
 260 3.70739e+11 3.63139e+11 3.64354e+11 3.59495e+11 3.61011e+11 3.61657e+11 3.60721e+11 3.62864e+11 7.40368e+11
 280 4.13233e+11 4.05464e+11 4.06457e+11 4.014e+11 4.02846e+11 4.03668e+11 4.02638e+11 4.04937e+11 8.25252e+11
 300 4.57176e+11 4.49379e+11 4.50079e+11 4.44885e+11 4.46214e+11 4.47234e+11 4.46111e+11 4.48551e+11 9.13019e+11
 320 5.02525e+11 4.94816e+11 4.95167e+11 4.89889e+11 4.91052e+11 4.92313e+11 4.91085e+11 4.93652e+11 1.00362e+12
 340 5.49293e+11 5.41766e+11 5.41724e+11 5.36397e+11 5.37354e+11 5.38903e+11 5.37551e+11 5.40235e+11 1.0967e+12
 360 5.97516e+11 5.90253e+11 5.89779e+11 5.8444e+11 5.85152e+11 5.87018e+11 5.85537e+11 5.88329e+11 1.19217e+12
 380 6.47207e+11 6.4027e+11 6.39337e+11 6.34046e+11 6.34458e+11 6.36675e+11 6.35059e+11 6.37944e+11 1.29027e+12
 400 6.98327e+11 6.91785e+11 6.90384e+11 6.85178e+11 6.8524e+11 6.87829e+11 6.86082e+11 6.89049e+11 1.39121e+12
 400 6.97478e+11 6.91782e+11 6.89642e+11 6.84854e+11 6.86495e+11 6.87942e+11 6.86431e+11 6.89045e+11 1.38946e+12
 800 1.98206e+12 1.98942e+12 1.97596e+12 1.96706e+12 1.96144e+12 1.9725e+12 1.967e+12 1.97319e+12 3.95713e+12
 1200 3.6522e+12 3.6804e+12 3.64956e+12 3.63303e+12 3.61148e+12 3.63406e+12 3.62619e+12 3.64e+12 7.33605e+12
 1600 5.59851e+12 5.65461e+12 5.60549e+12 5.57398e+12 5.52907e+12 5.56222e+12 5.55509e+12 5.58087e+12 1.13183e+13
 2000 7.75647e+12 7.84337e+12 7.77406e+12 7.72575e+12 7.64688e+12 7.68576e+12 7.68613e+12 7.7282e+12 1.57549e+13
 2400 1.00741e+13 1.01967e+13 1.01126e+13 1.0041e+13 9.92469e+12 9.96628e+12 9.97733e+12 1.00375e+13 2.057e+13
 2800 1.25181e+13 1.26834e+13 1.25858e+13 1.24875e+13 1.23293e+13 1.23726e+13 1.23965e+13 1.24762e+13 2.56877e+13
 3200 1.50659e+13 1.52783e+13 1.51735e+13 1.50412e+13 1.48394e+13 1.48767e+13 1.49191e+13 1.50205e+13 3.10667e+13
 3600 1.76965e+13 1.79587e+13 1.78565e+13 1.7684e+13 1.74405e+13 1.74585e+13 1.75277e+13 1.76515e+13 3.66706e+13
 4000 2.03961e+13 2.07086e+13 2.06186e+13 2.04005e+13 2.01221e+13 2.01056e+13 2.02094e+13 2.03554e+13 4.24672e+13
 4400 2.31529e+13 2.35136e+13 2.34505e+13 2.31777e+13 2.28754e+13 2.28021e+13 2.29518e+13 2.312e+13 4.84364e+13
 4800 2.59625e+13 2.63689e+13 2.63427e+13 2.60009e+13 2.56857e+13 2.554e+13 2.57422e+13 2.59352e+13 5.45526e+13
 5200 2.88143e+13 2.92657e+13 2.92907e+13 2.8864e+13 2.8545e+13 2.83135e+13 2.85742e+13 2.87939e+13 6.07783e+13
 5600 3.16999e+13 3.22008e+13 3.22887e+13 3.17667e+13 3.14506e+13 3.11172e+13 3.14448e+13 3.16922e+13 6.7112e+13
 6000 3.46197e+13 3.51678e+13 3.5333e+13 3.47029e+13 3.44025e+13 3.39498e+13 3.43518e+13 3.46271e+13 7.35449e+13
 6400 3.75711e+13 3.81645e+13 3.84206e+13 3.76734e+13 3.73958e+13 3.68079e+13 3.72924e+13 3.75962e+13 8.0086e+13
 6800 4.05545e+13 4.11834e+13 4.1546e+13 4.06775e+13 4.04164e+13 3.96889e+13 4.02609e+13 4.05944e+13 8.67278e+13
 7200 4.35653e+13 4.42268e+13 4.47055e+13 4.3708e+13 4.34657e+13 4.25891e+13 4.32543e+13 4.36189e+13 9.34488e+13
 7600 4.66105e+13 4.7294e+13 4.7894e+13 4.67603e+13 4.65353e+13 4.55083e+13 4.62679e+13 4.66672e+13 1.0025e+14
 8000 4.96876e+13 5.03807e+13 5.11074e+13 4.98384e+13 4.96274e+13 4.84498e+13 4.93052e+13 4.97399e+13 1.07121e+14
 8000 5.05342e+13 5.07047e+13 5.05707e+13 4.99432e+13 5.02647e+13 4.85873e+13 4.95984e+13 5.00003e+13 1.08489e+14
 16000 1.16174e+14 1.14087e+14 1.19743e+14 1.14056e+14 1.15886e+14 1.11254e+14 1.13732e+14 1.14907e+14 2.54521e+14
 24000 1.86385e+14 1.79261e+14 1.93867e+14 1.80761e+14 1.85791e+14 1.74527e+14 1.8036e+14 1.82818e+14 4.11394e+14
 32000 2.58667e+14 2.43799e+14 2.68491e+14 2.47702e+14 2.60916e+14 2.39887e+14 2.49502e+14 2.52495e+14 5.7307e+14
 40000 3.33465e+14 3.08307e+14 3.46316e+14 3.14272e+14 3.37743e+14 3.06213e+14 3.19409e+14 3.23391e+14 7.43562e+14
 48000 4.10952e+14 3.73227e+14 4.25815e+14 3.80897e+14 4.16975e+14 3.74247e+14 3.90706e+14 3.95756e+14 9.19311e+14
 56000 4.91366e+14 4.38304e+14 5.07382e+14 4.44708e+14 5.00138e+14 4.45255e+14 4.63367e+14 4.69627e+14 1.10162e+15
 64000 5.72593e+14 5.04246e+14 5.89042e+14 5.05569e+14 5.87856e+14 5.18908e+14 5.37444e+14 5.44584e+14 1.29204e+15
 72000 6.54771e+14 5.71468e+14 6.71046e+14 5.66627e+14 6.76106e+14 5.94041e+14 6.12258e+14 6.20326e+14 1.49156e+15
 80000 7.39503e+14 6.42345e+14 7.55423e+14 6.26814e+14 7.65868e+14 6.69269e+14 6.87317e+14 6.9736e+14 1.69616e+15
 88000 8.27954e+14 7.15447e+14 8.44866e+14 6.87841e+14 8.56965e+14 7.4221e+14 7.62339e+14 7.75839e+14 1.90639e+15
 96000 9.14997e+14 7.8751e+14 9.38001e+14 7.49741e+14 9.50411e+14 8.18019e+14 8.3939e+14 8.55702e+14 2.11929e+15
 104000 1.00532e+15 8.6074e+14 1.03207e+15 8.12484e+14 1.04483e+15 8.95705e+14 9.17673e+14 9.3702e+14 2.3361e+15
 112000 1.09646e+15 9.35786e+14 1.12806e+15 8.76502e+14 1.13877e+15 9.73741e+14 9.96338e+14 1.01918e+15 2.55571e+15
 120000 1.18929e+15 1.01316e+15 1.22513e+15 9.4129e+14 1.2345e+15 1.0525e+15 1.0761e+15 1.10267e+15 2.78305e+15
 128000 1.2821e+15 1.09014e+15 1.32385e+15 1.00466e+15 1.32905e+15 1.13152e+15 1.15508e+15 1.18586e+15 3.01529e+15
 136000 1.37568e+15 1.16804e+15 1.42319e+15 1.06975e+15 1.42624e+15 1.21281e+15 1.23627e+15 1.27068e+15 3.25395e+15
 144000 1.47182e+15 1.24828e+15 1.52423e+15 1.13498e+15 1.52459e+15 1.29379e+15 1.31779e+15 1.35658e+15 3.49381e+15
 152000 1.56852e+15 1.32832e+15 1.62714e+15 1.19939e+15 1.62472e+15 1.37517e+15 1.39976e+15 1.44306e+15 3.73549e+15
 160000 1.66464e+15 1.4091e+15 1.73293e+15 1.26626e+15 1.72589e+15 1.45523e+15 1.48246e+15 1.53037e+15 3.97755e+15
 160000 1.83327e+15 1.5301e+15 1.7915e+15 1.29084e+15 1.7646e+15 1.43603e+15 1.49716e+15 1.58561e+15 3.88481e+15
 320000 4.18516e+15 3.18041e+15 4.08879e+15 2.50147e+15 3.67083e+15 3.04817e+15 3.07349e+15 3.37134e+15 8.98641e+15
 480000 6.50157e+15 4.94672e+15 6.48026e+15 3.66619e+15 5.52532e+15 4.55815e+15 4.58322e+15 5.14041e+15 1.46046e+16
 640000 9.38698e+15 6.61123e+15 8.48637e+15 5.1301e+15 7.51963e+15 6.04243e+15 6.23072e+15 7.00304e+15 2.09677e+16
 800000 1.25241e+16 8.48233e+15 1.09782e+16 6.50313e+15 9.52477e+15 7.60936e+15 7.87909e+15 8.99207e+15 2.71079e+16
 960000 1.61352e+16 1.01601e+16 1.38339e+16 8.01373e+15 1.12917e+16 9.41344e+15 9.57295e+15 1.10943e+16 3.31057e+16
 1.12e+06 1.97868e+16 1.17882e+16 1.65323e+16 9.51536e+15 1.27245e+16 1.14229e+16 1.12209e+16 1.31469e+16 3.98497e+16
 1.28e+06 2.35794e+16 1.34134e+16 1.88861e+16 1.08649e+16 1.37728e+16 1.3496e+16 1.27112e+16 1.50772e+16 4.67728e+16
 1.44e+06 2.78558e+16 1.51646e+16 2.16898e+16 1.2144e+16 1.50211e+16 1.54168e+16 1.4194e+16 1.71444e+16 5.45877e+16
 1.6e+06 3.22973e+16 1.68855e+16 2.50595e+16 1.34231e+16 1.66571e+16 1.7523e+16 1.58677e+16 1.94196e+16 6.33448e+16
 1.76e+06 3.65961e+16 1.86981e+16 2.82773e+16 1.4454e+16 1.83489e+16 1.96264e+16 1.74764e+16 2.16287e+16 7.20805e+16
 1.92e+06 4.12533e+16 2.08501e+16 3.17288e+16 1.53846e+16 2.03368e+16 2.15565e+16 1.90926e+16 2.39666e+16 8.05721e+16
 2.08e+06 4.5557e+16 2.32647e+16 3.51176e+16 1.66464e+16 2.31214e+16 2.31169e+16 2.09616e+16 2.64355e+16 8.93587e+16
 2.24e+06 4.9691e+16 2.5758e+16 3.87835e+16 1.7915e+16 2.57843e+16 2.47486e+16 2.2816e+16 2.89206e+16 9.7463e+16
 2.4e+06 5.44713e+16 2.8388e+16 4.22836e+16 1.94789e+16 2.8399e+16 2.6603e+16 2.4827e+16 3.15819e+16 1.06102e+17
 2.56e+06 5.96443e+16 3.09561e+16 4.53207e+16 2.09306e+16 3.11429e+16 2.81861e+16 2.67532e+16 3.41747e+16 1.1484e+17
 2.72e+06 6.47689e+16 3.33583e+16 4.79501e+16 2.23006e+16 3.36611e+16 2.97613e+16 2.85743e+16 3.66216e+16 1.23493e+17
 2.88e+06 7.0037e+16 3.59965e+16 5.0214e+16 2.36409e+16 3.58269e+16 3.13122e+16 3.026e+16 3.8989e+16 1.32535e+17
 3.04e+06 7.55569e+16 3.85899e+16 5.18413e+16 2.47966e+16 3.79716e+16 3.30622e+16 3.19435e+16 4.12978e+16 1.42261e+17
 3.2e+06 8.13571e+16 4.14367e+16 5.33335e+16 2.56292e+16 4.07152e+16 3.433e+16 3.35582e+16 4.36185e+16 1.52084e+17
 3.2e+06 6.93966e+16 3.96389e+16 5.0629e+16 2.76489e+16 3.80129e+16 4.32751e+16 3.63123e+16 4.3076e+16 1.62786e+17
 6.4e+06 1.68612e+17 9.75027e+16 4.17528e+16 6.08981e+16 1.04514e+17 3.77073e+16 6.77065e+16 8.16729e+16 3.53044e+17
 9.6e+06 2.7902e+17 1.72708e+17 7.74537e+16 8.15541e+16 1.66018e+17 7.55129e+16 1.07695e+17 1.35175e+17 6.37491e+17
 1.28e+07 2.78937e+17 2.25516e+17 4.39816e+16 9.31903e+16 2.31656e+17 6.69707e+16 1.30606e+17 1.51488e+17 7.17253e+17
 1.6e+07 3.42764e+17 2.91316e+17 6.77122e+16 1.00239e+17 2.82073e+17 8.03427e+16 1.54218e+17 1.86103e+17 8.05267e+17
 1.92e+07 3.47741e+17 3.32606e+17 4.80349e+16 8.53834e+16 2.52641e+17 8.25043e+16 1.40176e+17 1.81223e+17 1.02156e+18
 2.24e+07 4.04433e+17 2.80643e+17 5.70002e+16 5.53975e+16 2.57375e+17 7.29314e+16 1.28568e+17 1.76084e+17 1.18148e+18
 2.56e+07 3.86088e+17 2.87988e+17 2.56923e+16 6.1373e+15 2.77819e+17 9.83705e+16 1.27442e+17 1.69768e+17 1.32476e+18
 2.88e+07 3.41825e+17 2.12421e+17 5.05034e+16 1.31586e+16 2.75915e+17 4.33863e+16 1.1082e+17 1.47125e+17 1.28893e+18
 3.2e+07 3.00413e+17 1.62856e+17 7.10089e+16 2.24674e+16 2.16435e+17 3.32664e+16 9.0723e+16 1.25671e+17 6.29986e+17
 3.52e+07 5.90053e+17 1.40891e+17 1.54289e+17 3.44062e+16 3.66899e+17 3.59422e+16 1.45749e+17 2.05481e+17 5.31474e+17
 3.84e+07 1.15047e+18 2.71808e+17 3.03873e+17 1.0174e+16 5.10672e+17 1.08025e+17 2.09624e+17 3.55927e+17 6.81768e+16
