#NOTE: MSDs should be divided by (temperature^2).
#NOTE: MSDs have been divided by 2.
#Time	MSD_x	MSD_y	MSD_z	MSD_all
 20 702393 390356 201641 431463
 40 2.8089e+06 1.3671e+06 470167 1.54872e+06
 60 6.31937e+06 2.98471e+06 904046 3.40271e+06
 80 1.12337e+07 5.26247e+06 1.53297e+06 6.0097e+06
 100 1.75515e+07 8.1893e+06 2.33872e+06 9.35983e+06
 120 2.52725e+07 1.17547e+07 3.30465e+06 1.34439e+07
 140 3.43964e+07 1.59689e+07 4.44706e+06 1.82708e+07
 160 4.49231e+07 2.08297e+07 5.76291e+06 2.38386e+07
 180 5.68521e+07 2.63368e+07 7.25194e+06 3.01469e+07
 200 7.01833e+07 3.24895e+07 8.91356e+06 3.71955e+07
 220 8.49164e+07 3.92875e+07 1.07467e+07 4.49835e+07
 240 1.01051e+08 4.6732e+07 1.27534e+07 5.35123e+07
 260 1.18588e+08 5.48214e+07 1.49315e+07 6.27802e+07
 280 1.37526e+08 6.35569e+07 1.72827e+07 7.27885e+07
 300 1.57865e+08 7.29377e+07 1.98066e+07 8.35365e+07
 320 1.79606e+08 8.29641e+07 2.25026e+07 9.50242e+07
 340 2.02748e+08 9.36357e+07 2.53709e+07 1.07252e+08
 360 2.27292e+08 1.04953e+08 2.84119e+07 1.20219e+08
 380 2.53237e+08 1.16916e+08 3.1625e+07 1.33926e+08
 400 2.80583e+08 1.29524e+08 3.50105e+07 1.48373e+08
 400 2.80582e+08 1.29522e+08 3.50102e+07 1.48372e+08
 800 1.12193e+09 5.17278e+08 1.38905e+08 5.92703e+08
 1200 2.52397e+09 1.16321e+09 3.11601e+08 1.33293e+09
 1600 4.48658e+09 2.06719e+09 5.5295e+08 2.36891e+09
 2000 7.00968e+09 3.22912e+09 8.62795e+08 3.70053e+09
 2400 1.00932e+10 4.6489e+09 1.24101e+09 5.3277e+09
 2800 1.3737e+10 6.32644e+09 1.68749e+09 7.25031e+09
 3200 1.79411e+10 8.26165e+09 2.20211e+09 9.46828e+09
 3600 2.27054e+10 1.04545e+10 2.78477e+09 1.19815e+10
 4000 2.80298e+10 1.29048e+10 3.43536e+09 1.479e+10
 4400 3.39142e+10 1.56126e+10 4.15382e+09 1.78936e+10
 4800 4.03587e+10 1.85778e+10 4.94004e+09 2.12922e+10
 5200 4.73632e+10 2.18004e+10 5.79397e+09 2.49858e+10
 5600 5.49276e+10 2.52802e+10 6.7155e+09 2.89744e+10
 6000 6.30518e+10 2.90172e+10 7.70458e+09 3.32579e+10
 6400 7.17359e+10 3.30113e+10 8.76114e+09 3.78361e+10
 6800 8.09799e+10 3.72626e+10 9.88512e+09 4.27092e+10
 7200 9.07836e+10 4.1771e+10 1.10764e+10 4.7877e+10
 7600 1.01147e+11 4.65363e+10 1.23351e+10 5.33394e+10
 8000 1.1207e+11 5.15587e+10 1.36609e+10 5.90966e+10
 8000 1.12063e+11 5.15534e+10 1.36611e+10 5.90926e+10
 16000 4.48018e+11 2.0591e+11 5.42349e+10 2.36054e+11
 24000 1.00772e+12 4.62863e+11 1.21404e+11 5.30663e+11
 32000 1.7911e+12 8.22298e+11 2.14968e+11 9.4279e+11
 40000 2.79811e+12 1.28419e+12 3.34812e+11 1.47237e+12
 48000 4.02873e+12 1.84849e+12 4.8088e+11 2.11937e+12
 56000 5.48302e+12 2.51523e+12 6.53148e+11 2.8838e+12
 64000 7.16094e+12 3.28435e+12 8.51577e+11 3.76562e+12
 72000 9.06244e+12 4.15584e+12 1.07608e+12 4.76479e+12
 80000 1.11875e+13 5.12972e+12 1.32665e+12 5.8813e+12
 88000 1.35363e+13 6.20604e+12 1.60327e+12 7.1152e+12
 96000 1.61088e+13 7.38484e+12 1.906e+12 8.46653e+12
 104000 1.89049e+13 8.66616e+12 2.23479e+12 9.9353e+12
 112000 2.19247e+13 1.005e+13 2.58962e+12 1.15214e+13
 120000 2.51682e+13 1.15362e+13 2.97039e+12 1.32249e+13
 128000 2.86354e+13 1.3125e+13 3.37711e+12 1.50458e+13
 136000 3.23263e+13 1.48163e+13 3.8098e+12 1.69841e+13
 144000 3.62408e+13 1.661e+13 4.26841e+12 1.90397e+13
 152000 4.03789e+13 1.85063e+13 4.75293e+12 2.12127e+13
 160000 4.47404e+13 2.05049e+13 5.26352e+12 2.3503e+13
 160000 4.47298e+13 2.04807e+13 5.27241e+12 2.34943e+13
 320000 1.78902e+14 8.19255e+13 2.09354e+13 9.39209e+13
 480000 4.02443e+14 1.84296e+14 4.69529e+13 2.1123e+14
 640000 7.15431e+14 3.27564e+14 8.33249e+13 3.7544e+14
 800000 1.11795e+15 5.11898e+14 1.30005e+14 5.86618e+14
 960000 1.60996e+15 7.37119e+14 1.86955e+14 8.44679e+14
 1.12e+06 2.19155e+15 1.00329e+15 2.54345e+14 1.14973e+15
 1.28e+06 2.86234e+15 1.31058e+15 3.3197e+14 1.50163e+15
 1.44e+06 3.62233e+15 1.65873e+15 4.19623e+14 1.90023e+15
 1.6e+06 4.47135e+15 2.04751e+15 5.1745e+14 2.34544e+15
 1.76e+06 5.40928e+15 2.47631e+15 6.25453e+14 2.83702e+15
 1.92e+06 6.43637e+15 2.94645e+15 7.43664e+14 3.37549e+15
 2.08e+06 7.55272e+15 3.45736e+15 8.72431e+14 3.96084e+15
 2.24e+06 8.75808e+15 4.0093e+15 1.01158e+15 4.59299e+15
 2.4e+06 1.00518e+16 4.60219e+15 1.16144e+15 5.27182e+15
 2.56e+06 1.14346e+16 5.2355e+15 1.32121e+15 5.99711e+15
 2.72e+06 1.29059e+16 5.90883e+15 1.49159e+15 6.76876e+15
 2.88e+06 1.44662e+16 6.6229e+15 1.67152e+15 7.58688e+15
 3.04e+06 1.61167e+16 7.37716e+15 1.86187e+15 8.45191e+15
 3.2e+06 1.7856e+16 8.17202e+15 2.06201e+15 9.36333e+15
 3.2e+06 1.78832e+16 8.1701e+15 2.08262e+15 9.37864e+15
 6.4e+06 7.14114e+16 3.26059e+16 8.24488e+15 3.74207e+16
 9.6e+06 1.60331e+17 7.3518e+16 1.83933e+16 8.40807e+16
 1.28e+07 2.85641e+17 1.30423e+17 3.29646e+16 1.49676e+17
 1.6e+07 4.47064e+17 2.0424e+17 5.20227e+16 2.34442e+17
